iter,task_train_acc_pre_optim,task_train_acc_post_optim,task_test_acc_pre_optim,task_test_acc_post_optim
10,0.10273437,0.096875004,0.12734376,0.1046875
20,0.11015625,0.10078125,0.10625,0.107031256
30,0.11562501,0.11796875,0.086718746,0.10625
40,0.12578125,0.1234375,0.10781251,0.1265625
50,0.13984375,0.14531249,0.11640625,0.159375
60,0.13046876,0.15468751,0.12890625,0.17187501
70,0.15859374,0.228125,0.12421876,0.2375
80,0.12734374,0.24296875,0.134375,0.21953125
90,0.1375,0.26015624,0.110156246,0.265625
100,0.1453125,0.2578125,0.1046875,0.246875
110,0.1640625,0.28828126,0.087500006,0.26328126
120,0.1375,0.296875,0.086718746,0.265625
130,0.13671875,0.30546877,0.103125006,0.27812502
140,0.16640624,0.32500002,0.0828125,0.29531252
150,0.15234375,0.34296876,0.08046875,0.30859375
160,0.13593751,0.35234377,0.087500006,0.2890625
170,0.15859374,0.36406252,0.10156251,0.33437502
180,0.15937501,0.38125,0.06640625,0.32968754
190,0.153125,0.38046873,0.088281244,0.33203125
200,0.1484375,0.39609376,0.09296875,0.35234377
210,0.16796875,0.42109373,0.081250004,0.36406252
220,0.17734376,0.421875,0.061718754,0.34921876
230,0.17890625,0.446875,0.092187494,0.37734377
240,0.1515625,0.41875002,0.087500006,0.38359377
250,0.16171876,0.47500002,0.09375,0.3859375
260,0.1734375,0.45,0.07734375,0.42890626
270,0.1484375,0.45703125,0.084375,0.41796875
280,0.18046875,0.48984376,0.0671875,0.4234375
290,0.1765625,0.46953124,0.077343754,0.415625
300,0.16796875,0.48984373,0.09374999,0.46171874
310,0.18046875,0.5078125,0.07421875,0.43671873
320,0.16953126,0.48828125,0.08125,0.48359373
330,0.16796875,0.5140625,0.07109375,0.47031248
340,0.17656252,0.50312495,0.08203125,0.475
350,0.15937501,0.52656245,0.06875,0.47109374
360,0.18515626,0.54375,0.08046876,0.47500002
370,0.17421874,0.5210937,0.075,0.48515624
380,0.18984374,0.53828126,0.08984376,0.475
390,0.175,0.5484375,0.07265625,0.4921875
400,0.17500001,0.5554688,0.07421875,0.46796876
410,0.19296876,0.5523437,0.09453125,0.49765623
420,0.18359375,0.5546875,0.09765625,0.5
430,0.19375001,0.58124995,0.10000001,0.49375
440,0.17421874,0.5734375,0.07812501,0.50625
450,0.1828125,0.56953126,0.08984375,0.5179688
460,0.18046875,0.5867188,0.079687506,0.53125
470,0.15156251,0.5796875,0.075,0.5203125
480,0.175,0.5765625,0.08593751,0.5242188
490,0.20703125,0.61875,0.06953125,0.54296875
500,0.1953125,0.58515626,0.06484375,0.56640625
510,0.19609375,0.6039063,0.083593756,0.5398438
520,0.16953126,0.5984375,0.091406256,0.52734375
530,0.19843751,0.6148437,0.07109375,0.54375
540,0.20859374,0.62890625,0.07890625,0.5617187
550,0.18671875,0.61406255,0.0625,0.5609375
560,0.17578125,0.63750005,0.084375,0.5648438
570,0.1734375,0.64765626,0.07890625,0.56875
580,0.165625,0.61796874,0.08046875,0.5625
590,0.2015625,0.6273438,0.084375,0.5882813
600,0.16875,0.6484375,0.071875006,0.5734375
610,0.17031251,0.62968755,0.08203125,0.596875
620,0.20234376,0.64375,0.07109375,0.5757812
630,0.19375,0.63671875,0.08359375,0.565625
640,0.1875,0.659375,0.09296875,0.58125
650,0.203125,0.63671875,0.07265625,0.57421875
660,0.17890625,0.6359375,0.05703125,0.5757812
670,0.20859374,0.6703125,0.092187494,0.5882813
680,0.20078126,0.6460937,0.06484376,0.60234374
690,0.17890626,0.6484375,0.057812497,0.6078125
700,0.17968749,0.6703125,0.091406256,0.6015625
710,0.21015626,0.6734375,0.07265625,0.59765625
720,0.19921875,0.6453125,0.09609375,0.6046875
730,0.1953125,0.6859375,0.086718746,0.621875
740,0.19140625,0.68125,0.075,0.6226562
750,0.18046875,0.6632812,0.07265625,0.5960938
760,0.1859375,0.6664063,0.0828125,0.59453124
770,0.18671876,0.6617187,0.0890625,0.6015625
780,0.19140625,0.68125004,0.07265625,0.6375
790,0.2015625,0.69140625,0.07890625,0.6125
800,0.20625,0.67968756,0.07890625,0.6070312
810,0.19765626,0.67265624,0.060156252,0.61875
820,0.19609375,0.6742188,0.0703125,0.61875
830,0.196875,0.6796875,0.0625,0.6046875
840,0.20703125,0.6742188,0.07265625,0.615625
850,0.19375,0.7054688,0.07890625,0.6359375
860,0.22890624,0.7039063,0.08359375,0.6226562
870,0.19843751,0.70156246,0.099218756,0.6296875
880,0.20390625,0.6851562,0.08203125,0.65312505
890,0.20156251,0.69453126,0.06640625,0.625
900,0.20000002,0.69921875,0.07890625,0.64453125
910,0.203125,0.68046874,0.075,0.634375
920,0.20625001,0.6960938,0.07265625,0.6171875
930,0.21015626,0.6929687,0.08828125,0.653125
940,0.21328124,0.72187495,0.0515625,0.6281251
950,0.21875,0.7242188,0.0765625,0.634375
960,0.20703125,0.6859375,0.05625,0.6453125
970,0.2078125,0.7109375,0.0859375,0.6492188
980,0.20546874,0.7195313,0.08515625,0.6476562
990,0.18828124,0.6851562,0.06484375,0.6585938
1000,0.23515625,0.7085938,0.08046875,0.6671876
1010,0.1859375,0.7015625,0.069531254,0.61640626
1020,0.2046875,0.7289063,0.07734375,0.65234375
1030,0.215625,0.7210938,0.07265625,0.65625
1040,0.228125,0.740625,0.08203125,0.64531255
1050,0.203125,0.72265625,0.06953125,0.6390625
1060,0.20781249,0.7164062,0.081250004,0.6671875
1070,0.19999999,0.7273437,0.06875,0.6726563
1080,0.22109376,0.75,0.0625,0.64140624
1090,0.22187498,0.709375,0.08046875,0.66328126
1100,0.215625,0.7351563,0.06328125,0.65703124
1110,0.22109376,0.71015626,0.07578125,0.67187506
1120,0.22890626,0.72578126,0.0859375,0.6828125
1130,0.2203125,0.71796876,0.08046875,0.68125
1140,0.21875,0.73281246,0.064062506,0.6695312
1150,0.21640624,0.75312495,0.0890625,0.6773438
1160,0.20703125,0.7320313,0.07421875,0.6585938
1170,0.2125,0.725,0.083593756,0.65625
1180,0.20625,0.74609375,0.06796875,0.65468746
1190,0.22421874,0.746875,0.075,0.68437505
1200,0.2359375,0.7476562,0.0859375,0.6695312
1210,0.19921875,0.7375,0.0796875,0.7023437
1220,0.22890626,0.7742188,0.072656244,0.69140625
1230,0.2171875,0.7335937,0.08125,0.665625
1240,0.2203125,0.73828125,0.075781256,0.6859375
1250,0.20859376,0.7484375,0.07734375,0.6820313
1260,0.20859376,0.74687505,0.08125,0.6726563
1270,0.22109376,0.7601562,0.08984375,0.6843749
1280,0.22500001,0.75468755,0.06640625,0.6726563
1290,0.21718751,0.7328125,0.064062506,0.6859375
1300,0.23671874,0.73593754,0.08828125,0.67499995
1310,0.203125,0.7476562,0.07656251,0.67578125
1320,0.25078124,0.7554687,0.08203125,0.68906254
1330,0.23515625,0.7570312,0.098437496,0.6820312
1340,0.21171875,0.76250005,0.087500006,0.653125
1350,0.23671874,0.77421874,0.07265625,0.6835938
1360,0.22109374,0.76484376,0.08125,0.6851562
1370,0.2203125,0.7546874,0.08203125,0.68671876
1380,0.19140625,0.7601562,0.08046875,0.69140625
1390,0.22890626,0.75156254,0.078125,0.7054688
1400,0.21875,0.74140626,0.08984375,0.7085937
1410,0.23203126,0.7726562,0.07890625,0.690625
1420,0.22265625,0.740625,0.071875006,0.7085937
1430,0.19375,0.74140626,0.075,0.67578125
1440,0.23281251,0.75156254,0.0828125,0.7140625
1450,0.22421876,0.77734375,0.067968756,0.71562505
1460,0.20859376,0.753125,0.0828125,0.703125
1470,0.23906252,0.7648437,0.090625,0.7101562
1480,0.246875,0.7789062,0.076562494,0.7046875
1490,0.2046875,0.76250005,0.0828125,0.7171875
1500,0.2125,0.74375,0.0828125,0.70781255
1510,0.21640626,0.76718754,0.078125,0.7210938
1520,0.21640626,0.76171875,0.0859375,0.715625
1530,0.21796875,0.76875,0.084375,0.71875
1540,0.23203126,0.77968746,0.078125,0.70703125
1550,0.22734377,0.76953125,0.0671875,0.6789062
1560,0.24296875,0.75078124,0.07109375,0.7296876
1570,0.23437501,0.7757813,0.1046875,0.68828124
1580,0.2125,0.7710937,0.08203125,0.7023437
1590,0.20078126,0.7835937,0.080468744,0.73125
1600,0.22890626,0.7773437,0.07265625,0.7109375
1610,0.22656249,0.7609375,0.090625,0.7210938
1620,0.21015626,0.76171875,0.0828125,0.71250004
1630,0.22968751,0.7875,0.096875,0.6953125
1640,0.2359375,0.771875,0.096875,0.72187495
1650,0.228125,0.7789063,0.089062504,0.69375
1660,0.2296875,0.7789062,0.08515625,0.721875
1670,0.22578125,0.77812505,0.099218756,0.68750006
1680,0.22421876,0.7804687,0.0921875,0.7210937
1690,0.23046876,0.7898438,0.081250004,0.72578126
1700,0.22265625,0.7726562,0.084375,0.71562505
1710,0.2046875,0.79375005,0.087500006,0.715625
1720,0.22109376,0.7757812,0.08984376,0.73749995
1730,0.25156248,0.77421874,0.08359375,0.72031254
1740,0.2265625,0.76640624,0.090625,0.7085938
1750,0.2359375,0.7734375,0.09296875,0.74609375
1760,0.21796876,0.76953125,0.0890625,0.7218751
1770,0.24765626,0.803125,0.08203125,0.71250004
1780,0.19296876,0.803125,0.10156251,0.7265625
1790,0.2109375,0.7890625,0.0984375,0.73125
1800,0.21328124,0.7945312,0.10000001,0.72968745
1810,0.228125,0.803125,0.103906244,0.7179687
1820,0.24062502,0.78515625,0.108593754,0.7109375
1830,0.22812499,0.7820313,0.09765626,0.72343755
1840,0.22890626,0.7687501,0.09296875,0.73125005
1850,0.21640626,0.8,0.106249996,0.7242188
1860,0.23750001,0.803125,0.10234375,0.7257812
1870,0.22265625,0.7882813,0.1078125,0.7257812
1880,0.22890624,0.79218745,0.08515625,0.7203125
1890,0.24140626,0.79375005,0.09765625,0.71953124
1900,0.22265626,0.790625,0.09375,0.7234375
1910,0.22421876,0.7992187,0.069531254,0.72968745
1920,0.21875,0.78828126,0.08984375,0.7328125
1930,0.22968751,0.8070313,0.08984375,0.74531245
1940,0.23203126,0.82343745,0.107812494,0.73046875
1950,0.23281251,0.815625,0.085156254,0.746875
1960,0.234375,0.8023437,0.107031256,0.7257812
1970,0.24765626,0.7984375,0.09375,0.7195313
1980,0.22578125,0.7960937,0.081250004,0.75468755
1990,0.23671874,0.79843754,0.083593756,0.7398437
2000,0.23359375,0.8148437,0.07421875,0.70312506
2010,0.23124999,0.8023437,0.0859375,0.740625
2020,0.24531248,0.8023437,0.1,0.7492188
2030,0.21015626,0.803125,0.10234375,0.72734374
2040,0.24687502,0.8078125,0.095312506,0.73125
2050,0.23359375,0.81562495,0.096875,0.7476562
2060,0.2265625,0.8023438,0.09375,0.73515624
2070,0.21328124,0.81406254,0.08359375,0.715625
2080,0.24375,0.803125,0.08203125,0.74531245
2090,0.21796876,0.7773438,0.07890625,0.72734374
2100,0.21640626,0.8101562,0.07578125,0.7351562
2110,0.21640626,0.7945312,0.08125,0.72499996
2120,0.23046876,0.7984375,0.077343754,0.7640625
2130,0.22421876,0.81640625,0.090625,0.7257812
2140,0.25703126,0.7992188,0.079687506,0.7515625
2150,0.22656249,0.8046875,0.077343754,0.75
2160,0.21796876,0.8304688,0.068749994,0.7289062
2170,0.22890624,0.80546874,0.090624996,0.7429688
2180,0.2515625,0.82734376,0.0921875,0.74687505
2190,0.2171875,0.83203125,0.08515625,0.7414062
2200,0.22968751,0.834375,0.0859375,0.7578125
2210,0.24374999,0.81875,0.08203125,0.73281246
2220,0.24687502,0.8195312,0.0828125,0.77421874
2230,0.21953127,0.8445313,0.09296875,0.7492187
2240,0.22734375,0.8195312,0.0765625,0.75
2250,0.2390625,0.809375,0.1015625,0.74375
2260,0.23203126,0.81640625,0.090625,0.7609376
2270,0.234375,0.8195312,0.088281244,0.74843746
2280,0.2375,0.8171875,0.090625,0.7312499
2290,0.24453124,0.7835938,0.08984376,0.7484375
2300,0.23046875,0.8273437,0.0921875,0.75390625
2310,0.23046876,0.8007813,0.0734375,0.76484376
2320,0.24921875,0.8359375,0.0828125,0.7476563
2330,0.21953125,0.8125,0.075,0.71875
2340,0.23125,0.8226563,0.07578125,0.74687505
2350,0.24609376,0.7992188,0.0953125,0.73359376
2360,0.22421876,0.81562495,0.081250004,0.7453125
2370,0.23515624,0.84218746,0.0828125,0.74921876
2380,0.23281251,0.84765625,0.100781254,0.74453133
2390,0.2328125,0.82187504,0.09140625,0.75
2400,0.22578125,0.8375,0.09375,0.7210938
2410,0.21484375,0.80859375,0.064062506,0.7617187
2420,0.23671874,0.83984375,0.0828125,0.75937504
2430,0.23984374,0.8351562,0.07109375,0.76093745
2440,0.215625,0.82187504,0.10234375,0.7375
2450,0.23828125,0.825,0.082812496,0.73281246
2460,0.23281251,0.83437496,0.08203125,0.73906255
2470,0.24843751,0.82421875,0.08203125,0.7710937
2480,0.22734375,0.82500005,0.09375,0.74375
2490,0.23046875,0.83515626,0.08359375,0.75
2500,0.23046875,0.8203125,0.1,0.7632813
2510,0.24140626,0.81406254,0.07656251,0.7632812
2520,0.22265625,0.825,0.06640625,0.74687505
2530,0.24375,0.84062505,0.07890625,0.7351563
2540,0.25,0.8382812,0.096875,0.7578125
2550,0.24296875,0.8265625,0.09375,0.740625
2560,0.21953124,0.82890624,0.07734375,0.76250005
2570,0.2625,0.8304687,0.07109375,0.74531245
2580,0.23046876,0.8335937,0.0765625,0.759375
2590,0.22578123,0.8609375,0.079687506,0.740625
2600,0.234375,0.83125,0.0875,0.7734375
2610,0.24296877,0.8367188,0.08671875,0.73359376
2620,0.24531251,0.846875,0.10390625,0.7601563
2630,0.2640625,0.84375,0.07265625,0.7757813
2640,0.24765624,0.8515625,0.089062504,0.76953125
2650,0.21171875,0.8445313,0.08984375,0.7679688
2660,0.2421875,0.8367188,0.08828125,0.7515625
2670,0.25390625,0.8406249,0.075,0.7679688
2680,0.22265625,0.8570312,0.10390625,0.78515625
iter,task_train_acc_pre_optim,task_train_acc_post_optim,task_test_acc_pre_optim,task_test_acc_post_optim
10,0.1,0.099609375,0.11328124,0.108593754
20,0.109375,0.10546875,0.1203125,0.100781254
30,0.1140625,0.117968746,0.08671875,0.108593754
40,0.118750006,0.11562501,0.115625,0.1359375
50,0.104687504,0.15312499,0.13671875,0.14765625
60,0.11953125,0.18984376,0.13671875,0.20312501
70,0.12109375,0.21875,0.109375,0.21328124
80,0.121875,0.2328125,0.1078125,0.22421876
90,0.1328125,0.2421875,0.09296875,0.22968751
100,0.13906251,0.26875,0.12578125,0.26640624
110,0.12812501,0.2734375,0.11015625,0.23984376
120,0.13203126,0.30078125,0.10390625,0.27890626
130,0.13515624,0.3,0.10390625,0.28984374
140,0.14921874,0.31718752,0.08984375,0.28515625
150,0.13359375,0.35000002,0.091406256,0.3234375
160,0.14296876,0.3640625,0.10468751,0.3203125
170,0.14921874,0.37343752,0.096875,0.328125
180,0.15390626,0.3859375,0.075781256,0.3335938
190,0.14921875,0.38750002,0.08515625,0.37109375
200,0.146875,0.40546876,0.075,0.3953125
210,0.1625,0.43203124,0.075781256,0.36093754
220,0.15859374,0.46093753,0.100781254,0.40468752
230,0.16953126,0.44296876,0.0703125,0.41953126
240,0.15703124,0.43828124,0.06640625,0.43046874
250,0.17734374,0.45546877,0.08906251,0.43749997
260,0.1578125,0.4515625,0.10234375,0.415625
270,0.18046875,0.47265628,0.0859375,0.42421877
280,0.1703125,0.4578125,0.09453125,0.44921875
290,0.1671875,0.46484375,0.092968754,0.46875
300,0.1734375,0.50390625,0.0859375,0.45625
310,0.15078126,0.50468755,0.094531246,0.4828125
320,0.17265625,0.5203125,0.1078125,0.484375
330,0.15937501,0.51484376,0.08671875,0.4875
340,0.18046875,0.53828126,0.0984375,0.50468755
350,0.1609375,0.5375,0.07265625,0.48984376
360,0.17734376,0.5421875,0.1015625,0.49296874
370,0.16796875,0.55390626,0.0859375,0.5031251
380,0.17500001,0.54296875,0.096875,0.5015625
390,0.19062501,0.55625004,0.09609375,0.521875
400,0.17109375,0.5679687,0.0765625,0.5125
410,0.18671876,0.5914062,0.092968754,0.52265626
420,0.1703125,0.5859375,0.078125,0.534375
430,0.17734376,0.584375,0.10546875,0.54843754
440,0.18203126,0.6046875,0.09375,0.5453125
450,0.18671875,0.6,0.090625,0.53515625
460,0.17109376,0.5835937,0.096093744,0.5546875
470,0.18046875,0.6101563,0.09921875,0.54218745
480,0.18593751,0.60546875,0.0859375,0.575
490,0.17890625,0.62812495,0.106249996,0.571875
500,0.17890625,0.6304688,0.121875,0.57656246
510,0.2015625,0.6304688,0.090625,0.5703125
520,0.19218752,0.6375,0.10078125,0.5835937
530,0.18984374,0.621875,0.13125001,0.59375
540,0.2015625,0.6179688,0.099218756,0.5828125
550,0.209375,0.63359374,0.09375,0.5648438
560,0.19921875,0.6695312,0.09140625,0.5921875
570,0.1875,0.63984376,0.095312506,0.57890624
580,0.18359375,0.6421875,0.0984375,0.5945313
590,0.19843751,0.6507813,0.103125,0.5890625
600,0.19296874,0.64375,0.1015625,0.60625005
610,0.17734376,0.66328126,0.1046875,0.615625
620,0.20234375,0.6578125,0.09765625,0.596875
630,0.19687499,0.68359375,0.08046875,0.6101563
640,0.215625,0.66875005,0.090625,0.60546875
650,0.1921875,0.6859375,0.099218756,0.58984375
660,0.228125,0.6726563,0.096875004,0.6140625
670,0.22578128,0.6890625,0.095312506,0.61015624
680,0.20390624,0.6554687,0.09375,0.6265625
690,0.2046875,0.69375,0.11328126,0.61328125
700,0.19062501,0.68125004,0.10078125,0.5859375
710,0.19609377,0.7015625,0.10390625,0.59765625
720,0.22265625,0.6945312,0.104687504,0.61796874
730,0.2,0.68437505,0.092968754,0.63984376
740,0.20390624,0.6726563,0.09453125,0.63359374
750,0.19609374,0.70703125,0.08046875,0.63203126
760,0.21484376,0.6976563,0.11328125,0.64921874
770,0.19375001,0.6828126,0.096875,0.6664063
780,0.22343752,0.709375,0.08828125,0.64765626
790,0.2203125,0.7328125,0.090625,0.6390625
800,0.20390627,0.7171875,0.09296875,0.64765626
810,0.21875,0.7046875,0.0921875,0.6507813
820,0.21015625,0.703125,0.079687506,0.6632812
830,0.20625001,0.7007812,0.08984375,0.6476562
840,0.20625001,0.7242187,0.08515625,0.66484374
850,0.21328126,0.7078125,0.07890625,0.675
860,0.20625001,0.7132812,0.09375,0.6695312
870,0.21875,0.7179687,0.0828125,0.6585938
880,0.22031249,0.7195313,0.0984375,0.67109376
890,0.22500001,0.7101562,0.104687504,0.63437504
900,0.22890624,0.71796876,0.084374994,0.6382813
910,0.22968751,0.72734374,0.11171875,0.67265624
920,0.23046876,0.7289062,0.08671875,0.6625
930,0.21249999,0.7265625,0.103125,0.6828125
940,0.20234376,0.7265625,0.083593756,0.68125004
950,0.21875,0.725,0.092187494,0.6382813
960,0.20078126,0.73828125,0.08203125,0.6679688
970,0.20859376,0.7234375,0.103125,0.6554687
980,0.22109374,0.73046875,0.0796875,0.6585938
990,0.2328125,0.7140625,0.10625,0.6648438
1000,0.22734377,0.7390625,0.100781254,0.678125
1010,0.21484376,0.7140625,0.09765625,0.7085938
1020,0.23984376,0.7296875,0.0921875,0.69140625
1030,0.22890624,0.740625,0.08203125,0.68828124
1040,0.21328124,0.7570312,0.08828125,0.6914062
1050,0.23203126,0.73828125,0.103906244,0.70000005
1060,0.21796875,0.7515625,0.09375,0.66796875
1070,0.24296875,0.76093745,0.10703125,0.69453126
1080,0.22421876,0.74609375,0.08515625,0.69062495
1090,0.21406251,0.7398437,0.07578125,0.66796875
1100,0.24375,0.7546875,0.07109375,0.709375
1110,0.21875,0.7710938,0.081250004,0.7
1120,0.21484375,0.71796876,0.096875004,0.6828125
1130,0.215625,0.76406246,0.10000001,0.6953125
1140,0.23671874,0.7359375,0.08359375,0.71093756
1150,0.22343749,0.75078124,0.1,0.72578126
1160,0.23359375,0.7609375,0.090625,0.6867187
1170,0.23125,0.7554687,0.10390625,0.6875
1180,0.24062501,0.7523438,0.08671875,0.68437505
1190,0.2265625,0.7679688,0.083593756,0.67578125
1200,0.2203125,0.77187496,0.10546874,0.7117188
1210,0.23125,0.76718754,0.079687506,0.70312506
1220,0.2421875,0.79296875,0.096875004,0.7078125
1230,0.21484375,0.778125,0.075,0.71171874
1240,0.25234374,0.78046876,0.0703125,0.7023437
1250,0.24609376,0.75703126,0.10000001,0.72812504
1260,0.2734375,0.771875,0.107031256,0.71484375
1270,0.2359375,0.76484376,0.0796875,0.70156246
1280,0.26328126,0.7789062,0.10390626,0.71796876
1290,0.25859374,0.7726562,0.06875001,0.72812504
1300,0.2453125,0.79375005,0.09453125,0.72031254
1310,0.24140625,0.7914063,0.0984375,0.7304687
1320,0.24921875,0.76953125,0.090625,0.7359375
1330,0.2609375,0.7726562,0.0703125,0.72265625
1340,0.25078127,0.79843754,0.11328125,0.73437506
1350,0.24375,0.784375,0.08359375,0.73046875
1360,0.24453126,0.78515625,0.09296875,0.7398437
1370,0.25234374,0.7914063,0.07265625,0.72578126
1380,0.26015627,0.796875,0.077343754,0.7328125
1390,0.2578125,0.8304688,0.0828125,0.6929687
1400,0.25703126,0.81406254,0.0796875,0.73828125
1410,0.2390625,0.80625,0.09296875,0.71406245
1420,0.26328126,0.79843754,0.09140625,0.7390625
1430,0.25546873,0.76953125,0.091406256,0.7289062
1440,0.26796874,0.78984374,0.072656244,0.734375
1450,0.24843751,0.79375,0.10390625,0.7242188
1460,0.246875,0.80625,0.08671875,0.73828125
1470,0.25468752,0.79843754,0.08515625,0.7257812
1480,0.2546875,0.7984375,0.09375,0.72656256
1490,0.22265625,0.8179687,0.08671875,0.72734374
1500,0.26328123,0.8148438,0.08984375,0.7367188
1510,0.2421875,0.7992188,0.07734375,0.7265625
1520,0.24296875,0.81874996,0.09453125,0.75312495
1530,0.24921876,0.8257812,0.0921875,0.74218756
1540,0.25078127,0.7945312,0.108593754,0.7476562
1550,0.25546876,0.8039062,0.10390626,0.7632812
1560,0.24921876,0.83281255,0.0921875,0.7523438
1570,0.26171875,0.81953126,0.116406254,0.7421875
1580,0.23984376,0.8070313,0.1125,0.7421875
1590,0.253125,0.80859375,0.107031256,0.7523438
1600,0.2625,0.85078126,0.10781251,0.7460937
1610,0.2515625,0.8203125,0.1,0.728125
1620,0.25625,0.81640625,0.10703124,0.73359376
1630,0.23281251,0.83203125,0.1,0.77265626
1640,0.25078124,0.8304688,0.096093744,0.7484375
1650,0.24843751,0.8390625,0.108593754,0.7625
1660,0.253125,0.81562495,0.090625,0.7757813
1670,0.25,0.8234375,0.08515625,0.7625
1680,0.2601562,0.8195312,0.11328125,0.7601563
1690,0.23359375,0.8117187,0.10546875,0.75312495
1700,0.25156248,0.8328125,0.09296875,0.7523437
1710,0.25468752,0.8382812,0.10546875,0.7609375
1720,0.2796875,0.8273437,0.09765625,0.746875
1730,0.265625,0.825,0.11171875,0.75
1740,0.2421875,0.8289063,0.109375,0.7867187
1750,0.253125,0.8195312,0.109375,0.7679687
1760,0.2546875,0.84375,0.10625,0.778125
1770,0.24609375,0.8257812,0.1171875,0.78984374
1780,0.26328126,0.83906245,0.13984375,0.77343756
1790,0.25390625,0.8335937,0.099999994,0.76250005
1800,0.2421875,0.83203125,0.095312506,0.7843751
1810,0.26484376,0.83437496,0.0953125,0.7789062
1820,0.24921873,0.8328125,0.10859375,0.7953125
1830,0.24609375,0.8617188,0.110156246,0.7875
1840,0.24765626,0.8359375,0.11484375,0.76718754
1850,0.26640624,0.834375,0.12578125,0.765625
1860,0.24375002,0.8546875,0.118750006,0.7835938
1870,0.2484375,0.8539062,0.0984375,0.7835938
1880,0.24921875,0.8453125,0.096875004,0.78203124
1890,0.265625,0.8375,0.089062504,0.775
1900,0.23203126,0.8570312,0.10781251,0.77734375
1910,0.25078127,0.8484375,0.10625,0.78437495
1920,0.259375,0.84375,0.10390625,0.790625
1930,0.24140625,0.8570312,0.084375,0.7789062
1940,0.24375,0.8507812,0.1015625,0.79375
1950,0.25625,0.83281255,0.104687504,0.784375
1960,0.22812499,0.84531254,0.125,0.8023437
1970,0.2640625,0.8617187,0.0953125,0.78984374
1980,0.24140626,0.86328125,0.110937506,0.7960937
1990,0.2421875,0.8640625,0.1125,0.7859375
2000,0.2421875,0.85078126,0.100781254,0.7914063
2010,0.2421875,0.8429687,0.1078125,0.79375005
2020,0.25703126,0.8515625,0.1140625,0.78046876
2030,0.2640625,0.8648438,0.11015625,0.8085937
2040,0.26640627,0.8648437,0.112500004,0.79218745
2050,0.27187502,0.84765625,0.10234375,0.80781245
2060,0.27265626,0.85156256,0.122656256,0.78046876
2070,0.24296874,0.8539063,0.122656256,0.80078125
2080,0.2421875,0.84999996,0.09609375,0.8101563
2090,0.24062501,0.85859376,0.1171875,0.79218745
2100,0.24375,0.8679688,0.11640625,0.8015625
2110,0.27968752,0.8523438,0.12890625,0.82421875
2120,0.253125,0.8640625,0.116406254,0.81093746
2130,0.26015624,0.83984375,0.11718749,0.8125
2140,0.265625,0.8570312,0.106249996,0.7898437
2150,0.25234377,0.8609375,0.1125,0.80312496
2160,0.2703125,0.859375,0.121875,0.8015625
2170,0.26640624,0.8765625,0.09765625,0.7992188
2180,0.26015624,0.875,0.112500004,0.82265615
2190,0.23671874,0.8921875,0.094531246,0.8101563
2200,0.2671875,0.87031245,0.122656256,0.8125
2210,0.2765625,0.878125,0.10000001,0.7835937
2220,0.25703126,0.8804687,0.107031256,0.79375
2230,0.25859374,0.8804687,0.10390625,0.8195312
2240,0.27265626,0.87578124,0.118750006,0.8257812
2250,0.25078124,0.8648437,0.1109375,0.8304687
2260,0.26796874,0.871875,0.114843756,0.81250006
2270,0.24687502,0.88906246,0.10390625,0.8140625
2280,0.253125,0.875,0.13671875,0.8179688
2290,0.2390625,0.88359374,0.10781251,0.821875
2300,0.2546875,0.8960937,0.12890625,0.8273437
2310,0.28359377,0.88359374,0.11640625,0.80859375
2320,0.24375,0.8859375,0.116406254,0.815625
2330,0.24531251,0.8695313,0.10000001,0.82968754
2340,0.25546876,0.8757812,0.100781254,0.82890624
2350,0.24921876,0.87890625,0.12890625,0.83203125
2360,0.240625,0.8874999,0.12578125,0.82890624
2370,0.25859374,0.87578124,0.099218756,0.809375
2380,0.26875,0.8757813,0.111718744,0.82500005
2390,0.23203126,0.8773437,0.1078125,0.8296875
2400,0.27343753,0.8765625,0.110937506,0.8265625
2410,0.26640624,0.88359374,0.10234375,0.8484375
2420,0.25468752,0.88437504,0.10234375,0.8390625
2430,0.28828126,0.90000004,0.11171876,0.81640625
2440,0.28203127,0.871875,0.117968746,0.8171875
2450,0.2828125,0.8953124,0.11562501,0.80156255
2460,0.25234377,0.88593745,0.117968746,0.821875
2470,0.2390625,0.87109375,0.099218756,0.8203125
2480,0.26250002,0.8875,0.09765626,0.7992188
2490,0.24296877,0.8898437,0.095312506,0.8335937
2500,0.26796874,0.88671875,0.10234375,0.84374994
2510,0.2640625,0.88124996,0.112500004,0.85546875
2520,0.28828126,0.903125,0.12109376,0.8296875
2530,0.28671876,0.91249996,0.107812494,0.81953126
2540,0.27421874,0.896875,0.09296875,0.8289063
2550,0.2671875,0.8851562,0.118750006,0.80859375
2560,0.26328126,0.9046875,0.107031256,0.8507813
2570,0.27578127,0.8953125,0.1015625,0.8359375
2580,0.25625002,0.8953125,0.114843756,0.8179687
2590,0.284375,0.89843744,0.11171875,0.7984375
2600,0.26015627,0.9023437,0.096875004,0.834375
2610,0.25625,0.90546876,0.13515626,0.8320313
2620,0.28203124,0.8882812,0.111718744,0.82968754
2630,0.24687502,0.90156245,0.1078125,0.8398438
2640,0.27968752,0.8796875,0.09921875,0.8351562
2650,0.2328125,0.8953124,0.1015625,0.8492188
2660,0.25,0.8937501,0.11171875,0.82656246
2670,0.253125,0.8914063,0.1078125,0.84453124
2680,0.25390625,0.8992187,0.10234375,0.85234374
2690,0.24921876,0.8953124,0.1140625,0.82421875
2700,0.26406252,0.9109374,0.1015625,0.8414062
2710,0.26328126,0.90625,0.1015625,0.84375
2720,0.26640624,0.89140624,0.116406254,0.8265625
2730,0.27968752,0.9164062,0.118750006,0.84062505
2740,0.28359377,0.89921874,0.134375,0.8523438
2750,0.2609375,0.90703124,0.11562501,0.87343746
2760,0.25625,0.90156245,0.11171876,0.83203125
2770,0.2640625,0.9070312,0.110937506,0.84453124
2780,0.25546873,0.90234375,0.081250004,0.8414062
2790,0.24687502,0.9023437,0.11796875,0.8570312
2800,0.28203124,0.90546876,0.109375,0.8484375
2810,0.26796874,0.91249996,0.1015625,0.8515625
2820,0.26015627,0.91015625,0.125,0.8460938
2830,0.24296875,0.8960938,0.1140625,0.84375
2840,0.253125,0.9007813,0.09765625,0.85546875
2850,0.2765625,0.9085938,0.1171875,0.8492187
2860,0.25546876,0.915625,0.08046875,0.8304688
2870,0.25468752,0.9203125,0.11875,0.83750004
2880,0.27109373,0.9070312,0.096875,0.84453124
2890,0.26328126,0.89921874,0.1046875,0.8335937
2900,0.26171875,0.9039062,0.104687504,0.85
2910,0.27968752,0.921875,0.114062496,0.8609375
2920,0.240625,0.9125,0.09453125,0.8421875
2930,0.26640624,0.9234375,0.10546875,0.84375
2940,0.26171875,0.90625006,0.11796875,0.8476563
2950,0.25546873,0.90156245,0.11640625,0.85
2960,0.2578125,0.90703124,0.09609375,0.86249995
2970,0.271875,0.9109374,0.10703125,0.8515625
2980,0.25,0.9078125,0.1140625,0.86328125
2990,0.2546875,0.9007813,0.115624994,0.83671874
3000,0.28125,0.91796875,0.083593756,0.8523438
3010,0.24531251,0.90703124,0.08671875,0.8601563
3020,0.27187502,0.91796875,0.092187494,0.8476562
3030,0.2859375,0.91015625,0.1,0.85781246
3040,0.24921876,0.92890626,0.100781254,0.8476563
3050,0.2515625,0.91875,0.095312506,0.84296876
3060,0.26953125,0.8914063,0.112500004,0.8617187
3070,0.2734375,0.9007812,0.11562501,0.85859376
3080,0.2671875,0.9234375,0.103125006,0.8648438
3090,0.25625002,0.9304687,0.0890625,0.86562496
3100,0.26796874,0.9148438,0.08359375,0.86406255
3110,0.2421875,0.91562504,0.09765625,0.8539063
3120,0.25390625,0.9187499,0.11562501,0.86875
3130,0.25078124,0.92265624,0.12109375,0.86015624
3140,0.25468755,0.9132813,0.10546875,0.8421875
3150,0.2703125,0.92031246,0.078125,0.8570312
3160,0.25,0.928125,0.11484375,0.85546875
3170,0.26796877,0.9234375,0.103125006,0.86249995
3180,0.24921876,0.9234375,0.09375,0.8820312
3190,0.23281251,0.9132812,0.11328125,0.8765625
3200,0.2578125,0.9242187,0.11328125,0.85546875
3210,0.25078127,0.91093755,0.096875,0.8523438
3220,0.2789063,0.91484374,0.10234375,0.8632813
3230,0.24609375,0.9234375,0.10234375,0.8671875
3240,0.271875,0.9210937,0.10000001,0.8453125
3250,0.24375,0.91484374,0.087500006,0.8460938
3260,0.27109373,0.9304688,0.11171876,0.8625
3270,0.2609375,0.9132812,0.0921875,0.85625005
3280,0.2703125,0.9039062,0.1046875,0.875
3290,0.26015627,0.921875,0.10234375,0.8625
3300,0.2625,0.9296875,0.1125,0.8828125
3310,0.265625,0.9257812,0.114062496,0.8773437
3320,0.25234374,0.92265624,0.09375,0.8257813
3330,0.27499998,0.9171876,0.08828126,0.8609375
3340,0.2578125,0.92499995,0.084375,0.8671875
3350,0.26953125,0.925,0.1140625,0.87812495
3360,0.24453126,0.9195312,0.11171875,0.8648437
3370,0.27812502,0.928125,0.099218756,0.8929687
3380,0.25078124,0.9125,0.10781251,0.84375
3390,0.28359377,0.9242187,0.092187494,0.85781246
3400,0.24921875,0.93359375,0.10390625,0.8757812
3410,0.259375,0.90937495,0.0984375,0.87031245
3420,0.25703126,0.92578125,0.10156251,0.8609375
3430,0.246875,0.9203125,0.11718751,0.8546875
3440,0.26015627,0.92578125,0.11328125,0.8671875
3450,0.2578125,0.91875,0.1015625,0.8851563
3460,0.27890626,0.925,0.099218756,0.8742187
3470,0.2546875,0.93281245,0.115625,0.86640626
3480,0.27812502,0.91718745,0.079687506,0.86796874
3490,0.265625,0.9289062,0.09375,0.86015624
3500,0.26953125,0.9242187,0.09765625,0.8875
3510,0.22734377,0.9289062,0.0890625,0.8617188
3520,0.28203124,0.92343754,0.08046876,0.884375
3530,0.23203126,0.9273437,0.1,0.86875
3540,0.24296874,0.93046874,0.092187494,0.8734375
3550,0.2375,0.9265625,0.08828126,0.8523438
3560,0.253125,0.9398437,0.0984375,0.8773437
3570,0.2515625,0.92656255,0.0984375,0.8828125
3580,0.26015627,0.92109376,0.11015625,0.84765625
3590,0.27109376,0.94140625,0.10625,0.8578125
3600,0.26406252,0.9242188,0.10234375,0.8875
3610,0.27734375,0.9242188,0.10546875,0.86015624
3620,0.25078127,0.940625,0.07890625,0.88124996
3630,0.25,0.93281245,0.091406256,0.8804688
3640,0.27812502,0.94140625,0.1078125,0.8609375
3650,0.26796874,0.9367188,0.107031256,0.87890625
3660,0.259375,0.928125,0.10234375,0.8710937
3670,0.25625,0.940625,0.10625,0.86875
3680,0.278125,0.92890626,0.096875004,0.8804688
3690,0.259375,0.9273437,0.104687504,0.8718749
3700,0.2859375,0.93671876,0.100781254,0.8679687
3710,0.25078124,0.9421875,0.111718744,0.875
3720,0.25703126,0.9398437,0.09765625,0.8742187
3730,0.25,0.93125004,0.09765625,0.88984376
3740,0.25156248,0.9289062,0.103125006,0.865625
3750,0.25859374,0.9375,0.114843756,0.87812495
3760,0.22421876,0.93359375,0.1,0.884375
3770,0.25859374,0.93125,0.1140625,0.884375
3780,0.234375,0.9343749,0.10156251,0.87421876
3790,0.27265626,0.9445312,0.1140625,0.8757813
3800,0.25546876,0.92656255,0.08671875,0.875
3810,0.25390625,0.9187499,0.11953125,0.8874999
3820,0.24843752,0.93593746,0.09453125,0.89140624
3830,0.2625,0.9382812,0.104687504,0.8640625
3840,0.2671875,0.93671876,0.0890625,0.88671875
3850,0.284375,0.9289062,0.084374994,0.8882813
3860,0.25,0.94062495,0.094531246,0.8914062
3870,0.25937498,0.9406251,0.0734375,0.88359374
3880,0.25703126,0.9273437,0.091406256,0.88359374
3890,0.23281251,0.9304687,0.09140625,0.87109375
3900,0.27734375,0.93593746,0.104687504,0.87578124
3910,0.275,0.9570312,0.09921875,0.8890625
3920,0.2703125,0.9375,0.10546875,0.88125
3930,0.23515625,0.9398437,0.08906251,0.8875
3940,0.265625,0.94453126,0.084375,0.87578124
3950,0.25625002,0.92812496,0.0875,0.884375
3960,0.23906249,0.92578125,0.08828126,0.88671875
3970,0.26640627,0.94062495,0.08046875,0.89453125
3980,0.2578125,0.94609374,0.092968754,0.88359374
3990,0.25,0.928125,0.1015625,0.87890625
4000,0.24843752,0.9375,0.09375,0.8984375
4010,0.2578125,0.95312494,0.100781254,0.88125
4020,0.25625002,0.940625,0.0796875,0.87343746
4030,0.24296877,0.934375,0.08593751,0.89374995
4040,0.24609375,0.9507812,0.09765625,0.88671875
4050,0.23515627,0.94453126,0.086718746,0.8914062
4060,0.2390625,0.94140625,0.10078125,0.88125
4070,0.2421875,0.93828124,0.091406256,0.9015625
4080,0.290625,0.9476562,0.09453125,0.90703124
4090,0.265625,0.95625,0.11484375,0.8804687
4100,0.259375,0.9421875,0.091406256,0.87031245
4110,0.26015624,0.9429688,0.10546875,0.8882812
4120,0.23124999,0.93046874,0.08984375,0.8804687
4130,0.25390625,0.94062495,0.096093744,0.8804687
4140,0.28828126,0.9398438,0.09453125,0.8773437
4150,0.265625,0.94140625,0.09453125,0.88359374
4160,0.25625,0.93281245,0.092968754,0.8984375
4170,0.24999999,0.946875,0.08515625,0.896875
4180,0.25390625,0.9484375,0.083593756,0.89687496
4190,0.24453126,0.9296875,0.08125,0.8851562
4200,0.2710938,0.9351562,0.078125,0.8929688
4210,0.26875,0.9398437,0.099218756,0.8914062
4220,0.23984376,0.9398437,0.099218756,0.8929688
4230,0.23828126,0.94609374,0.099218756,0.88515615
4240,0.23671876,0.953125,0.0703125,0.8882812
4250,0.25703126,0.92968756,0.103125,0.9007812
4260,0.2554688,0.94062495,0.107031256,0.88203126
4270,0.24765626,0.9445312,0.06796875,0.8851563
4280,0.24765624,0.9460938,0.0734375,0.88359374
4290,0.23203126,0.9429687,0.0828125,0.90000004
4300,0.23359375,0.9351562,0.10000001,0.884375
4310,0.24843751,0.94218755,0.09609375,0.8859375
4320,0.23203126,0.9367187,0.07421875,0.89375
4330,0.253125,0.93828124,0.1046875,0.9070312
4340,0.25234377,0.9453125,0.0953125,0.89765626
4350,0.23515625,0.9476563,0.11171875,0.8734375
4360,0.24453126,0.9539063,0.0890625,0.9039062
4370,0.2609375,0.9453125,0.118750006,0.8882812
4380,0.25859374,0.9515625,0.10234375,0.89453125
4390,0.25234377,0.9484375,0.0984375,0.89140624
4400,0.26328126,0.9632813,0.10156251,0.896875
4410,0.25390628,0.9453125,0.1265625,0.8835938
4420,0.24140625,0.94843745,0.099218756,0.9031249
4430,0.2359375,0.93593746,0.106249996,0.8953125
4440,0.234375,0.9398437,0.09375,0.88593745
4450,0.27734375,0.9398437,0.09453125,0.8984375
4460,0.259375,0.940625,0.077343754,0.8804687
4470,0.22968751,0.953125,0.116406254,0.89765626
4480,0.24296877,0.93671876,0.08984375,0.8929688
4490,0.2625,0.9453125,0.1046875,0.90468746
4500,0.24921876,0.95156246,0.109375,0.90156245
4510,0.27968752,0.9539062,0.078125,0.9007813
4520,0.2515625,0.9476562,0.089062504,0.9054687
4530,0.23125002,0.9507812,0.09296875,0.9
4540,0.23515625,0.9421874,0.0875,0.88984376
4550,0.23750001,0.9476563,0.099218756,0.9007813
4560,0.24062502,0.94921875,0.1,0.9
4570,0.24609375,0.95234376,0.09296875,0.8882812
4580,0.22109374,0.940625,0.096875,0.8796875
4590,0.27031252,0.9429688,0.102343746,0.89374995
4600,0.21718751,0.9539063,0.084375,0.8898437
4610,0.26171875,0.95234376,0.102343746,0.9007813
4620,0.26171875,0.95703125,0.10390625,0.88671875
4630,0.25703126,0.9539063,0.084374994,0.9007813
4640,0.26250002,0.9507813,0.099218756,0.88671875
4650,0.25625002,0.9484375,0.0859375,0.89375
4660,0.25546876,0.96171874,0.1,0.9015625
4670,0.2640625,0.95625,0.099999994,0.88671875
4680,0.21718751,0.95468754,0.103125006,0.8898437
4690,0.23828125,0.94453126,0.100781254,0.87109375
4700,0.24375,0.94921875,0.1015625,0.89453125
4710,0.24609376,0.9523438,0.10390626,0.8953125
4720,0.2234375,0.9390625,0.0859375,0.9039062
4730,0.26796874,0.9460938,0.092187494,0.89921874
4740,0.23671874,0.95390624,0.091406256,0.90312505
4750,0.25000003,0.9460938,0.096875004,0.8648437
4760,0.2578125,0.946875,0.0921875,0.88750005
4770,0.26796877,0.9476563,0.09765625,0.896875
4780,0.28671876,0.94453126,0.10546876,0.9007813
4790,0.253125,0.9507812,0.10937499,0.8960937
4800,0.26171875,0.9515625,0.116406254,0.9078125
4810,0.25703126,0.9492187,0.0921875,0.89140624
4820,0.21640626,0.95312506,0.096875,0.87656254
4830,0.25234377,0.9484375,0.09453125,0.896875
4840,0.24140625,0.95,0.098437496,0.9015625
4850,0.26015627,0.94609374,0.1015625,0.896875
4860,0.2359375,0.9515625,0.10234375,0.9007813
4870,0.23828125,0.9562501,0.08984375,0.9164063
4880,0.24453127,0.946875,0.11718751,0.9078125
4890,0.25,0.95625,0.09453125,0.92031246
4900,0.22187501,0.953125,0.083593756,0.8921875
4910,0.25078127,0.96015626,0.125,0.8976562
4920,0.2515625,0.9609375,0.099218756,0.9070313
4930,0.24531251,0.9554688,0.091406256,0.90312505
4940,0.25156254,0.95,0.07890625,0.89765626
4950,0.24531248,0.959375,0.092968754,0.9039062
4960,0.23124999,0.9554687,0.10546875,0.90000004
4970,0.23828126,0.9546875,0.09609375,0.9039062
4980,0.24765624,0.95703125,0.1171875,0.89375
4990,0.23203124,0.9507812,0.10078125,0.9031249
5000,0.24609376,0.9539063,0.09140625,0.9031249
5010,0.25234377,0.9507813,0.08984376,0.89921874
5020,0.27031252,0.94921875,0.108593754,0.9007812
5030,0.26171875,0.9554687,0.080468744,0.9007813
5040,0.25234377,0.9585938,0.0984375,0.90937495
5050,0.23281251,0.96093744,0.10234375,0.8929688
5060,0.2546875,0.9539063,0.08359375,0.89375
5070,0.24687502,0.9507812,0.0953125,0.8929688
5080,0.24453126,0.95390624,0.10546876,0.8851563
5090,0.24453126,0.95468754,0.10234375,0.89765626
5100,0.2265625,0.9546875,0.1015625,0.9117188
5110,0.24531251,0.959375,0.096875,0.8914062
5120,0.2171875,0.94140625,0.11093749,0.90156245
5130,0.2578125,0.95625,0.0875,0.89921874
5140,0.23671876,0.94921875,0.096093744,0.8953125
5150,0.23906249,0.946875,0.1109375,0.9046874
5160,0.27109376,0.9554688,0.096875,0.89374995
5170,0.22421876,0.9445312,0.08671875,0.8804687
5180,0.24609375,0.95390624,0.09140625,0.91015625
5190,0.26328126,0.96484375,0.11328125,0.8921875
5200,0.22734377,0.95703125,0.09140625,0.88906246
5210,0.26171875,0.9640626,0.0953125,0.8929688
5220,0.25078124,0.94609374,0.09609375,0.8851562
5230,0.26875,0.9570313,0.0984375,0.9125
5240,0.25,0.95,0.114843756,0.89140624
5250,0.26015624,0.94687504,0.08671875,0.88124996
5260,0.21953127,0.95625,0.091406256,0.9039062
5270,0.26953125,0.96015626,0.10390626,0.91015625
5280,0.2453125,0.95703125,0.09375001,0.8914063
5290,0.24765626,0.9609375,0.1,0.8882812
5300,0.24453126,0.95703125,0.099218756,0.8875
5310,0.24296875,0.9664062,0.07734375,0.9109374
5320,0.23124999,0.9601562,0.09375,0.89140624
5330,0.25390625,0.94921875,0.087500006,0.90234375
5340,0.24531251,0.9632813,0.102343746,0.89687496
5350,0.2125,0.9515625,0.110937506,0.91015625
5360,0.24687502,0.95703125,0.09453125,0.8960938
5370,0.2625,0.9585937,0.08671875,0.8992188
5380,0.24453124,0.9679687,0.08984376,0.89375
5390,0.2421875,0.9601562,0.109375,0.89062506
5400,0.2421875,0.965625,0.090624996,0.9085938
5410,0.25078124,0.94687504,0.089062504,0.8992188
5420,0.23203126,0.9539063,0.096093744,0.90234375
5430,0.2875,0.97265625,0.0890625,0.9007813
5440,0.24453126,0.95703125,0.10625,0.8898437
5450,0.27109376,0.95156246,0.08046875,0.89765626
5460,0.21875,0.95703125,0.086718746,0.8882812
5470,0.25234374,0.95000005,0.096875004,0.9039063
5480,0.23046875,0.9640625,0.083593756,0.903125
5490,0.24921876,0.9523437,0.103125006,0.9
5500,0.23984376,0.953125,0.10703125,0.89921874
5510,0.24609375,0.95,0.11171876,0.90156245
5520,0.24921875,0.9539063,0.10625,0.89531255
5530,0.26875,0.96015626,0.0984375,0.9039063
5540,0.24375,0.94921875,0.06484375,0.91015625
5550,0.21640626,0.94843745,0.08593751,0.9078125
5560,0.22890626,0.9625,0.0734375,0.9007813
5570,0.24921873,0.9601562,0.092968754,0.8960937
5580,0.22734375,0.9507812,0.08203125,0.90000004
5590,0.24062501,0.96093744,0.08203125,0.90625
5600,0.21953125,0.959375,0.1046875,0.89375
5610,0.2265625,0.9515625,0.10625,0.8992188
5620,0.26718754,0.9632813,0.0953125,0.89375
5630,0.2421875,0.9523437,0.10078125,0.8992188
5640,0.24296877,0.9664062,0.0921875,0.8875
5650,0.2328125,0.953125,0.08984375,0.9007812
5660,0.25390625,0.96171874,0.10078125,0.8984375
5670,0.23671874,0.953125,0.099218756,0.9007813
5680,0.22109374,0.9554688,0.09453125,0.89921874
5690,0.22578126,0.9609375,0.1015625,0.91015625
5700,0.225,0.95,0.11171875,0.8914063
5710,0.24765626,0.9664062,0.09765625,0.90234375
5720,0.24296875,0.9609375,0.1234375,0.9179687
5730,0.24140626,0.9625,0.090625,0.9054687
5740,0.24687502,0.95546865,0.11171875,0.8804687
5750,0.2328125,0.95703125,0.096875004,0.8890625
5760,0.23671874,0.96406245,0.10234375,0.90781254
5770,0.2546875,0.9578125,0.08984375,0.88593745
5780,0.23671876,0.9578125,0.08984375,0.90781254
5790,0.23984376,0.9585937,0.0984375,0.9015625
5800,0.24374999,0.9554688,0.08203125,0.9140625
5810,0.2265625,0.9617188,0.1171875,0.9078125
5820,0.26953125,0.9578125,0.1046875,0.9125
5830,0.2609375,0.9601562,0.09453125,0.90234375
5840,0.25546876,0.9617188,0.08125,0.8976562
5850,0.2375,0.9585937,0.0984375,0.9109375
5860,0.24375,0.9617188,0.106249996,0.90624994
5870,0.24453126,0.9554687,0.10859375,0.9171875
5880,0.24687502,0.96718746,0.098437496,0.9085938
5890,0.21015626,0.9585938,0.11171875,0.9
5900,0.23906252,0.9601562,0.08515625,0.91328126
5910,0.253125,0.9585937,0.0828125,0.896875
5920,0.23359376,0.95624995,0.089062504,0.9039063
5930,0.2546875,0.96953124,0.081250004,0.9109375
5940,0.22187501,0.9515625,0.09453125,0.9046875
5950,0.240625,0.96406245,0.096875004,0.9101562
5960,0.228125,0.9632813,0.09296875,0.9187499
5970,0.25703126,0.96015626,0.092968754,0.91249996
5980,0.24687502,0.95937496,0.110937506,0.9078125
5990,0.23515625,0.95625,0.075,0.90312505
6000,0.22109377,0.9585937,0.076562494,0.90937495
6010,0.23515624,0.9632813,0.08359375,0.896875
6020,0.22578126,0.9609375,0.09765626,0.9
6030,0.2453125,0.96718746,0.075781256,0.9070313
6040,0.23203126,0.9570313,0.090625,0.9054687
6050,0.26875,0.95624995,0.09921875,0.9070313
6060,0.19218752,0.946875,0.091406256,0.890625
6070,0.2609375,0.9671875,0.084374994,0.90156245
6080,0.23281251,0.9632813,0.11328126,0.9125
6090,0.240625,0.96484375,0.09140625,0.8984375
6100,0.25,0.9554687,0.08437501,0.91015625
6110,0.2734375,0.9664063,0.095312506,0.9117187
6120,0.25859374,0.95781255,0.10625001,0.8984375
6130,0.23984376,0.96171874,0.1125,0.9007812
6140,0.25078127,0.9609375,0.09375,0.90624994
6150,0.23515625,0.9695313,0.096093744,0.9
6160,0.259375,0.965625,0.09375,0.8984375
6170,0.234375,0.959375,0.103125006,0.9195312
6180,0.24062501,0.9617188,0.09765625,0.9085937
6190,0.24453124,0.971875,0.08671875,0.89374995
6200,0.23359376,0.9578125,0.0890625,0.9078125
6210,0.25546876,0.9695313,0.092968754,0.9
6220,0.24921875,0.9632812,0.0953125,0.89374995
6230,0.2203125,0.9554687,0.11015625,0.9117187
6240,0.22890624,0.9578124,0.0859375,0.9117187
6250,0.2265625,0.96718746,0.087500006,0.9117187
6260,0.2171875,0.9585937,0.09375,0.9148437
6270,0.25234377,0.9679688,0.10546876,0.91015625
6280,0.23515625,0.9546875,0.11328125,0.90312505
6290,0.23437501,0.9703125,0.10859375,0.90546876
6300,0.259375,0.95390624,0.09765625,0.8953125
6310,0.21640626,0.9601562,0.109375,0.903125
6320,0.2203125,0.97578126,0.104687504,0.9039062
6330,0.2171875,0.959375,0.0796875,0.9070313
6340,0.23593749,0.9554688,0.109375,0.9140625
6350,0.24453127,0.9664062,0.103906244,0.92499995
6360,0.21953125,0.95703125,0.085156254,0.91249996
6370,0.25078124,0.9671875,0.0859375,0.92109376
6380,0.25468752,0.9585937,0.10234375,0.9054687
6390,0.259375,0.9632813,0.11796875,0.9085938
6400,0.22968751,0.9601562,0.11953125,0.903125
6410,0.28671876,0.9632813,0.098437496,0.90625
6420,0.22187501,0.96406245,0.0828125,0.90468746
6430,0.2328125,0.96015626,0.080468744,0.8976562
6440,0.2515625,0.9695313,0.08125,0.9015625
6450,0.26015624,0.965625,0.08046875,0.9078125
6460,0.22734374,0.9640625,0.084375,0.9187499
6470,0.24687502,0.95703125,0.0953125,0.9203125
6480,0.22265625,0.96484375,0.09765625,0.90156245
6490,0.259375,0.97343755,0.08984376,0.9039062
6500,0.2359375,0.96484375,0.11796875,0.9078125
6510,0.2515625,0.9710938,0.1015625,0.9148438
6520,0.24921876,0.9601562,0.08125,0.9125
6530,0.26640624,0.9679687,0.1171875,0.909375
6540,0.27734375,0.96250004,0.08515625,0.91718745
6550,0.22187501,0.965625,0.103906244,0.90156245
6560,0.25234374,0.9609375,0.0890625,0.9132812
6570,0.2234375,0.96171874,0.08984375,0.9078125
6580,0.27031252,0.97031254,0.099218756,0.9007812
6590,0.23359376,0.96875,0.08828126,0.90937495
6600,0.246875,0.9609375,0.09140625,0.90937495
6610,0.2359375,0.96875,0.106249996,0.91093755
6620,0.24843751,0.96796876,0.094531246,0.89765626
6630,0.26015624,0.9632813,0.08359375,0.9125
6640,0.22500001,0.965625,0.090625,0.8921875
6650,0.25703126,0.9625,0.09765625,0.9171875
6660,0.25312498,0.9664062,0.10234375,0.915625
6670,0.24609375,0.9632813,0.0953125,0.91718745
6680,0.24765626,0.975,0.0859375,0.91484374
6690,0.19921875,0.9640625,0.088281244,0.9078125
6700,0.23984376,0.9632813,0.10468751,0.91875005
6710,0.22734377,0.9695313,0.1140625,0.9054687
6720,0.25703126,0.9640625,0.0765625,0.9039062
6730,0.228125,0.9671875,0.103125,0.9164063
6740,0.24921875,0.9671875,0.081250004,0.90468746
6750,0.27265626,0.96171874,0.104687504,0.9210937
6760,0.23046876,0.96171874,0.08984375,0.9078125
6770,0.23046874,0.96562505,0.12109375,0.90546876
6780,0.25,0.9609375,0.09765625,0.8960937
6790,0.2125,0.9718751,0.08203125,0.9179688
6800,0.26718748,0.975,0.1046875,0.90703124
6810,0.2,0.9601562,0.10234375,0.92265624
6820,0.21406251,0.9640625,0.1171875,0.9015625
6830,0.24609375,0.97343755,0.10078126,0.8976562
6840,0.25859374,0.96015626,0.1140625,0.90156245
6850,0.23125002,0.9679687,0.115625,0.9171875
6860,0.24296875,0.9632813,0.10625,0.9046875
6870,0.22890624,0.97265625,0.09765624,0.9117187
6880,0.23906249,0.96875,0.09765625,0.9085937
6890,0.24140626,0.96484375,0.099218756,0.896875
6900,0.2359375,0.96406245,0.1265625,0.9
6910,0.21875,0.96875,0.10781251,0.91328126
6920,0.24687499,0.9742188,0.12421876,0.928125
6930,0.2765625,0.9820313,0.08203125,0.9109375
6940,0.22578126,0.9585937,0.079687506,0.90625
6950,0.25625,0.9695313,0.08515625,0.90468746
6960,0.2296875,0.9585937,0.10546876,0.90937495
6970,0.27968752,0.965625,0.121875,0.8960937
6980,0.25,0.975,0.1046875,0.8953125
6990,0.25703126,0.9742187,0.089062504,0.9140625
7000,0.2546875,0.9796875,0.09453125,0.9
7010,0.2515625,0.975,0.078125,0.9007813
7020,0.23359375,0.96796876,0.0984375,0.90234375
7030,0.22421876,0.9617187,0.074999996,0.9078125
7040,0.26015627,0.96718746,0.090625,0.884375
7050,0.24296875,0.9648437,0.0859375,0.8976562
7060,0.25546876,0.9632813,0.084375,0.91718745
7070,0.24843751,0.9671875,0.095312506,0.91875
7080,0.23203126,0.9648438,0.0890625,0.9078125
7090,0.23203126,0.96875,0.084375,0.8984375
7100,0.2390625,0.9671875,0.103906244,0.91718745
7110,0.22578126,0.96874994,0.0765625,0.90703124
7120,0.265625,0.95937496,0.078125,0.9046875
7130,0.20781249,0.96562505,0.08671875,0.90312505
7140,0.246875,0.9695313,0.08828125,0.9015625
7150,0.20625001,0.96875,0.0859375,0.92031246
7160,0.22421876,0.9632813,0.084375,0.909375
7170,0.221875,0.9546875,0.08437501,0.9117187
7180,0.23359375,0.9617188,0.06328125,0.90703124
7190,0.20859376,0.96406245,0.0703125,0.90234375
7200,0.26015627,0.96796876,0.078125,0.9039062
7210,0.19296874,0.96796876,0.085156254,0.9132812
7220,0.2359375,0.97578126,0.06328125,0.91328126
7230,0.21953125,0.9742187,0.09921875,0.9164063
7240,0.24531251,0.97499996,0.0796875,0.89921874
7250,0.24531251,0.9664062,0.099218756,0.9125
7260,0.22109374,0.9773438,0.09140625,0.9109375
7270,0.24140626,0.9703125,0.10234375,0.88359374
7280,0.2265625,0.975,0.092968754,0.8875
7290,0.22421876,0.9710938,0.10390626,0.8984375
7300,0.25078127,0.965625,0.11796875,0.9007812
7310,0.24296874,0.9671875,0.11328125,0.9195312
7320,0.21484375,0.9703125,0.120312504,0.90156245
7330,0.24140626,0.96875006,0.10234375,0.91015625
7340,0.24531251,0.96875,0.107031256,0.9117187
7350,0.2453125,0.9734375,0.103906244,0.9070313
7360,0.22187501,0.9710937,0.104687504,0.91249996
7370,0.24218753,0.96484375,0.0828125,0.90624994
7380,0.22578123,0.97265625,0.103125006,0.9007813
7390,0.2578125,0.965625,0.0984375,0.9054687
7400,0.228125,0.9726563,0.13515624,0.9078125
7410,0.24609375,0.98125,0.12109376,0.9164063
7420,0.23515624,0.9671875,0.11953125,0.8960937
7430,0.2203125,0.965625,0.095312506,0.91328126
7440,0.203125,0.97265625,0.107031256,0.91406244
7450,0.21093751,0.97265625,0.10625,0.90312505
7460,0.2640625,0.965625,0.10859375,0.909375
7470,0.25234377,0.97187495,0.107031256,0.9078125
7480,0.23984374,0.96484375,0.09375,0.9007813
7490,0.22265625,0.975,0.08125,0.896875
7500,0.20859374,0.97265625,0.075,0.89453125
7510,0.234375,0.97812504,0.09296875,0.9171875
7520,0.25234377,0.97578126,0.09765625,0.92890626
7530,0.23125,0.9632812,0.09765625,0.90468746
7540,0.21875,0.971875,0.09375,0.9078125
7550,0.23984376,0.9710938,0.100781254,0.91249996
7560,0.2140625,0.9664062,0.092968754,0.91249996
7570,0.24921876,0.9625,0.08828125,0.90468746
7580,0.24609375,0.97187495,0.10546875,0.91249996
7590,0.23437501,0.97499996,0.114062496,0.9085937
7600,0.23671874,0.9695312,0.08046876,0.9046875
7610,0.22734374,0.9710938,0.078125,0.9273437
7620,0.2328125,0.9734375,0.075,0.915625
7630,0.24765626,0.9820312,0.10078125,0.9203125
7640,0.228125,0.9710938,0.09921875,0.8992188
7650,0.23750001,0.96875,0.1046875,0.92031246
7660,0.24140626,0.97265625,0.12109375,0.8984375
7670,0.21328124,0.9710937,0.108593754,0.92499995
7680,0.24296877,0.96874994,0.096875,0.88124996
7690,0.25234377,0.96875,0.076562494,0.89531255
7700,0.27734375,0.965625,0.092968754,0.9125
7710,0.2453125,0.9773438,0.092968754,0.91718745
7720,0.24296877,0.9695313,0.10234375,0.9273437
7730,0.24453124,0.96796876,0.10234375,0.8898437
7740,0.23203124,0.9703125,0.1046875,0.89687496
7750,0.23281251,0.978125,0.1015625,0.92109376
7760,0.23203126,0.96875006,0.114843756,0.90234375
7770,0.259375,0.9695313,0.10546876,0.890625
7780,0.228125,0.9671875,0.091406256,0.9171875
7790,0.25468752,0.9632813,0.09296875,0.90156245
7800,0.23359376,0.9765625,0.125,0.9054687
7810,0.2453125,0.9773438,0.09921875,0.89687496
7820,0.2328125,0.965625,0.0984375,0.91718745
7830,0.20390625,0.9710938,0.12734374,0.9164062
7840,0.2515625,0.98046875,0.1125,0.9125
7850,0.23750001,0.9820312,0.081250004,0.903125
7860,0.21640624,0.965625,0.08203126,0.91328126
7870,0.21328124,0.9671875,0.06953125,0.9078125
7880,0.23671876,0.9710938,0.07812501,0.9031249
7890,0.23828125,0.96875,0.0890625,0.91249996
7900,0.22500001,0.9632813,0.1,0.9046875
7910,0.23359376,0.97265625,0.10546875,0.8960937
7920,0.23828125,0.9726563,0.0859375,0.8960937
7930,0.23359376,0.9703125,0.110156246,0.9117187
7940,0.23750001,0.9710938,0.1125,0.90156245
7950,0.23046875,0.98125,0.1,0.9015625
7960,0.2546875,0.97734374,0.100781254,0.8890625
7970,0.2328125,0.97187495,0.10390626,0.9078125
7980,0.22812499,0.9695313,0.08671875,0.8960937
7990,0.2265625,0.9742187,0.11171875,0.890625
8000,0.2140625,0.96875,0.0921875,0.90312505
8010,0.278125,0.97265625,0.0921875,0.8929687
8020,0.21484375,0.9710938,0.1046875,0.9140625
8030,0.23203127,0.978125,0.108593754,0.92109376
8040,0.27031252,0.9851563,0.087500006,0.9125
8050,0.23359376,0.9695313,0.1078125,0.90546876
8060,0.23281251,0.9671875,0.099218756,0.903125
8070,0.2789063,0.978125,0.114843756,0.9054687
8080,0.24609374,0.97578126,0.10234375,0.9070313
8090,0.24453124,0.9796875,0.08984376,0.8960937
8100,0.23828126,0.97578126,0.09765625,0.9140625
8110,0.2265625,0.9695313,0.09453125,0.9039063
8120,0.23359375,0.9765625,0.09765625,0.9085938
8130,0.25,0.9773438,0.099999994,0.8976562
8140,0.18984374,0.971875,0.1,0.9117187
8150,0.25703126,0.96953124,0.10859375,0.9007813
8160,0.20078126,0.9718751,0.10078125,0.89687496
8170,0.26796874,0.9742187,0.090624996,0.91796875
8180,0.225,0.96406245,0.079687506,0.90937495
8190,0.2125,0.97187495,0.083593756,0.9234375
8200,0.29062498,0.97578126,0.07421875,0.890625
8210,0.21171874,0.9726563,0.1,0.91796875
8220,0.28359377,0.9789063,0.0984375,0.90156245
8230,0.24296875,0.9765625,0.11640625,0.9
8240,0.25078124,0.98046875,0.099218756,0.9
8250,0.2632813,0.9695313,0.09453125,0.9101562
8260,0.25078127,0.97187495,0.110937506,0.9125
8270,0.2609375,0.9765625,0.087500006,0.9140625
8280,0.2125,0.9703125,0.095312506,0.92109376
8290,0.2265625,0.9734375,0.07734375,0.8984375
8300,0.2484375,0.98359376,0.07890625,0.9109375
8310,0.22421876,0.9695313,0.07812501,0.915625
8320,0.25234377,0.96171874,0.084375,0.8992188
8330,0.234375,0.9789063,0.0703125,0.89921874
8340,0.23125002,0.97265625,0.08203125,0.91718745
8350,0.26875,0.9664063,0.089062504,0.9007813
8360,0.1484375,0.97734374,0.11328125,0.91015625
8370,0.22734374,0.9742188,0.08046876,0.9078125
8380,0.225,0.9796875,0.095312506,0.9078125
8390,0.22265625,0.97499996,0.110937506,0.91015625
8400,0.246875,0.9757812,0.10390625,0.91875
8410,0.221875,0.9757812,0.10781251,0.90546876
8420,0.2140625,0.9757813,0.10546875,0.9054687
8430,0.2421875,0.96484375,0.128125,0.9132812
8440,0.215625,0.978125,0.107031256,0.91484374
8450,0.24375,0.9773438,0.11562501,0.896875
8460,0.25703126,0.9820313,0.10703125,0.9164063
8470,0.24140626,0.96875006,0.1078125,0.89375
8480,0.23437501,0.9742187,0.110937506,0.9132812
8490,0.22343752,0.975,0.1265625,0.9
8500,0.24140626,0.975,0.114843756,0.8984375
8510,0.21484376,0.9789063,0.11953125,0.8882812
8520,0.26484376,0.97734374,0.096093744,0.9039063
8530,0.228125,0.96875,0.107031256,0.9078125
8540,0.2703125,0.97031254,0.09609375,0.90625
8550,0.196875,0.96718746,0.1,0.9226562
8560,0.24765626,0.9773438,0.095312506,0.90546876
8570,0.2109375,0.9773438,0.100781254,0.90234375
8580,0.2578125,0.978125,0.11171875,0.91093755
8590,0.22578126,0.98359376,0.13984376,0.9257812
8600,0.22265626,0.9742187,0.099218756,0.9078125
8610,0.23828125,0.9773437,0.096875,0.9187499
8620,0.24140625,0.98046875,0.09375,0.9109375
8630,0.23359376,0.97734374,0.08437501,0.91796875
8640,0.2203125,0.97499996,0.1171875,0.90703124
8650,0.26484376,0.96484375,0.1015625,0.90156245
8660,0.21093751,0.978125,0.12734374,0.90625
8670,0.23515624,0.9742187,0.1125,0.90625
8680,0.25546873,0.9695313,0.120312504,0.9085938
8690,0.18750001,0.9742187,0.1140625,0.92656255
8700,0.165625,0.971875,0.10546875,0.91562504
8710,0.24609375,0.9664062,0.10546875,0.9117187
8720,0.2109375,0.97578126,0.125,0.9078125
8730,0.225,0.9695313,0.08671875,0.9031249
8740,0.22265626,0.9789063,0.10234375,0.9132812
8750,0.20546874,0.9765625,0.08828125,0.9117187
8760,0.22343752,0.9820312,0.1015625,0.8984375
8770,0.20625,0.9796875,0.08046875,0.9304687
8780,0.20546876,0.97812504,0.092968754,0.89921874
8790,0.196875,0.9773437,0.073437504,0.9171875
8800,0.23828125,0.978125,0.075,0.90156245
8810,0.225,0.98046875,0.08203125,0.9109375
8820,0.23125,0.98046875,0.107812494,0.9179687
8830,0.25625,0.9765625,0.094531246,0.9015625
8840,0.24921876,0.9765625,0.11875,0.91796875
8850,0.24765626,0.984375,0.09375001,0.9031249
8860,0.19375,0.97578126,0.08671875,0.915625
8870,0.2453125,0.9796875,0.1046875,0.8828125
8880,0.21562502,0.9789063,0.11640625,0.9078125
8890,0.24375,0.97343755,0.10390625,0.9078125
8900,0.2578125,0.98046875,0.10703125,0.91406244
8910,0.190625,0.9867188,0.1046875,0.9007813
8920,0.25156248,0.9765625,0.103906244,0.9070312
8930,0.196875,0.9757813,0.103125006,0.9039062
8940,0.253125,0.9742188,0.10625,0.9039062
8950,0.23125,0.98125,0.125,0.9203125
8960,0.21875001,0.9710937,0.09375,0.9179687
8970,0.15546876,0.97265625,0.0859375,0.9195313
8980,0.18984376,0.96796876,0.104687504,0.91406244
8990,0.20312501,0.9796875,0.096875004,0.92265624
9000,0.22500001,0.9789063,0.075,0.8992188
9010,0.20703125,0.97578126,0.0828125,0.91718745
9020,0.21953125,0.9796876,0.108593754,0.9148437
9030,0.2171875,0.9773438,0.0875,0.9164063
9040,0.21406251,0.9835937,0.087500006,0.9140625
9050,0.20781252,0.96796876,0.06953125,0.9046875
9060,0.21718751,0.9710938,0.094531246,0.9132812
9070,0.21484375,0.9757812,0.0625,0.8945312
9080,0.2125,0.9734375,0.100781254,0.9085938
9090,0.23359375,0.97734374,0.0796875,0.90937495
9100,0.26093748,0.9718751,0.096875,0.88593745
9110,0.20703125,0.9742187,0.092968754,0.9007813
9120,0.26328126,0.9796875,0.09453125,0.87421876
9130,0.225,0.975,0.08046875,0.8804688
9140,0.2109375,0.9757812,0.11953126,0.915625
9150,0.24921876,0.975,0.11171876,0.90000004
9160,0.21640626,0.9789063,0.10859375,0.8914063
9170,0.23124999,0.9796875,0.0984375,0.90546876
9180,0.1953125,0.978125,0.099218756,0.915625
9190,0.25625002,0.9726563,0.09765625,0.8960937
9200,0.21953127,0.9789063,0.103125,0.91093755
9210,0.2359375,0.98046875,0.089062504,0.8921875
9220,0.22265625,0.975,0.1359375,0.91484374
9230,0.24296874,0.98281246,0.0890625,0.9
9240,0.228125,0.9796875,0.096875,0.9
9250,0.22343752,0.97734374,0.0859375,0.90625
9260,0.21718751,0.9804688,0.103125006,0.9117187
9270,0.1921875,0.9710938,0.11875,0.89375
9280,0.24375,0.975,0.089062504,0.909375
9290,0.2203125,0.97812504,0.096875,0.909375
9300,0.2109375,0.9765625,0.090625,0.9117187
9310,0.2421875,0.98046875,0.08984375,0.91875
9320,0.18593751,0.9757813,0.090625,0.92187494
9330,0.15312502,0.9742188,0.0859375,0.91015625
9340,0.22265625,0.978125,0.096875,0.89843744
9350,0.24062501,0.97968745,0.11562501,0.9195312
9360,0.20156251,0.9742188,0.1,0.915625
9370,0.25546876,0.9789063,0.10625,0.915625
9380,0.21562502,0.96875,0.0953125,0.9117187
9390,0.2234375,0.9796875,0.10546875,0.91015625
9400,0.21093749,0.98046875,0.103906244,0.9195312
9410,0.23515625,0.98125,0.0984375,0.9117187
9420,0.24453126,0.978125,0.10625,0.90625
9430,0.24921876,0.9796876,0.096875,0.9164062
9440,0.19531251,0.984375,0.1203125,0.93437505
9450,0.20781249,0.9734374,0.10625,0.9140625
9460,0.2046875,0.97578126,0.11953125,0.90703124
9470,0.19921875,0.9789063,0.1078125,0.89062494
9480,0.23046876,0.97812504,0.12265625,0.90156245
9490,0.23515625,0.9796875,0.10390626,0.9164063
9500,0.228125,0.9835938,0.095312506,0.896875
9510,0.20625001,0.9828125,0.10234375,0.9273437
9520,0.20546876,0.97812504,0.1015625,0.915625
9530,0.22734375,0.9742188,0.09453125,0.9070313
9540,0.22578126,0.9765625,0.09765626,0.915625
9550,0.2796875,0.9765625,0.122656256,0.8921875
9560,0.18125,0.9820313,0.08984375,0.93593746
9570,0.234375,0.9796875,0.10625,0.9007813
9580,0.196875,0.98437506,0.06640625,0.90781254
9590,0.2515625,0.9867188,0.07578125,0.90625
9600,0.22656249,0.9828125,0.10546876,0.91015625
9610,0.1984375,0.9796876,0.1140625,0.9171876
9620,0.2296875,0.97578126,0.118750006,0.91718745
9630,0.1953125,0.96875,0.0859375,0.9195313
9640,0.21796875,0.98125,0.09375,0.9117187
9650,0.21953127,0.9828125,0.09453125,0.90624994
9660,0.253125,0.98125,0.09921875,0.9117187
9670,0.19375,0.9820312,0.091406256,0.9125
9680,0.2640625,0.9789063,0.099218756,0.89921874
9690,0.22109374,0.9828125,0.092187494,0.9195313
9700,0.2421875,0.9664062,0.09140625,0.91875
9710,0.23203124,0.9796875,0.08515625,0.90468746
9720,0.24140625,0.97734374,0.09375,0.9125
9730,0.2710938,0.9820313,0.0859375,0.89375
9740,0.1921875,0.98046875,0.0859375,0.9203125
9750,0.26250002,0.9703125,0.08046875,0.8992187
9760,0.23515625,0.9765625,0.103125006,0.92343754
9770,0.2375,0.9773438,0.07421875,0.89531255
9780,0.20390624,0.9820312,0.096875,0.9164063
9790,0.23203126,0.975,0.087500006,0.9125
9800,0.20859376,0.9789063,0.064062506,0.9226563
9810,0.25078127,0.98125005,0.10625,0.9164062
9820,0.234375,0.9867188,0.07578125,0.8882813
9830,0.23828125,0.9867188,0.05859375,0.9140625
9840,0.18593751,0.97734374,0.0578125,0.91484374
9850,0.22968751,0.9789063,0.090625,0.9125
9860,0.2109375,0.971875,0.128125,0.90468746
9870,0.2296875,0.9804688,0.109375,0.9007813
9880,0.19453123,0.9789063,0.1078125,0.8984375
9890,0.21328124,0.9820313,0.0984375,0.9085938
9900,0.24609375,0.984375,0.09453125,0.9195312
9910,0.17031251,0.9820313,0.096093744,0.91796875
9920,0.2671875,0.984375,0.10390625,0.8890625
9930,0.16484374,0.9773438,0.096875,0.9164063
9940,0.203125,0.9710938,0.11953126,0.9140625
9950,0.23593749,0.9796875,0.0875,0.9
9960,0.18125002,0.98125005,0.08984375,0.9054687
9970,0.23515627,0.9773438,0.08203125,0.90234375
9980,0.21640626,0.97812504,0.094531246,0.9078125
9990,0.24375,0.98359376,0.096875,0.90234375
10000,0.21875,0.98515624,0.115625,0.9132812
10010,0.17578125,0.98125005,0.1203125,0.9179687
10020,0.2453125,0.9898437,0.11640625,0.90234375
10030,0.25859374,0.9789063,0.095312506,0.90625
10040,0.2109375,0.97734374,0.110156246,0.91796875
10050,0.2109375,0.98125005,0.1015625,0.9078125
10060,0.22265626,0.9820312,0.0796875,0.9140625
10070,0.21875,0.98125005,0.08671875,0.9085938
10080,0.26171878,0.98828125,0.09296875,0.8875
10090,0.14765626,0.9765625,0.08203125,0.9164062
10100,0.15,0.9820313,0.09531249,0.9085937
10110,0.20000002,0.9757812,0.0765625,0.8882812
10120,0.1875,0.98125,0.1,0.91406256
10130,0.25390625,0.97578126,0.11562501,0.9179687
10140,0.22265625,0.975,0.09609375,0.9078125
10150,0.20859376,0.984375,0.09296875,0.90546876
10160,0.21640626,0.97812504,0.115625,0.9132812
10170,0.24375,0.978125,0.08593751,0.88750005
10180,0.2015625,0.9867188,0.0875,0.90703124
10190,0.2203125,0.98046875,0.108593754,0.90703124
10200,0.21875001,0.9867188,0.114843756,0.8953124
10210,0.21484375,0.9851563,0.1234375,0.90468746
10220,0.23203126,0.978125,0.10625,0.9078125
10230,0.19375,0.9859375,0.09375,0.91562504
10240,0.1953125,0.9742187,0.1,0.9132812
10250,0.24843751,0.97499996,0.12109375,0.9164062
10260,0.21953124,0.99140626,0.13125,0.89921874
10270,0.228125,0.98046875,0.0984375,0.91796875
10280,0.22265625,0.98281246,0.103906244,0.9203125
10290,0.2265625,0.98437506,0.08984375,0.91875005
10300,0.21484375,0.98281246,0.12968749,0.90625
10310,0.20546874,0.97968745,0.11328125,0.9125
10320,0.2421875,0.9867188,0.0765625,0.9046875
10330,0.21406251,0.98046875,0.10078125,0.9140625
10340,0.2171875,0.98593754,0.0734375,0.89531255
10350,0.21171875,0.9828125,0.08046875,0.9109375
10360,0.18828125,0.98437506,0.081250004,0.91718745
10370,0.22812499,0.9867187,0.0765625,0.93125004
10380,0.20390624,0.984375,0.10156249,0.91484374
10390,0.22578125,0.98125005,0.068749994,0.91562504
10400,0.21796876,0.98515624,0.0765625,0.90468746
10410,0.2125,0.98125,0.08125,0.90859365
10420,0.25625,0.97265625,0.0921875,0.8828125
10430,0.20625001,0.9859375,0.121875,0.9039062
10440,0.22265625,0.9757812,0.09375,0.9210937
10450,0.21875001,0.9867188,0.092968754,0.91171867
10460,0.2140625,0.99062496,0.080468744,0.903125
10470,0.19375001,0.97968745,0.06953125,0.9210937
10480,0.2109375,0.9867188,0.07265625,0.90703124
10490,0.20156251,0.9789063,0.09296875,0.9007812
10500,0.23046875,0.9796875,0.081250004,0.9117187
10510,0.18828127,0.9820312,0.0796875,0.9171875
10520,0.20546874,0.98281246,0.108593754,0.89453125
10530,0.19453125,0.9804688,0.10703125,0.91328126
10540,0.19296876,0.984375,0.07890625,0.9140625
10550,0.2046875,0.98437506,0.09375001,0.9132812
10560,0.25,0.98593754,0.08671875,0.9015626
10570,0.1734375,0.97578126,0.09765625,0.91328126
10580,0.221875,0.9812499,0.0921875,0.91093755
10590,0.25859374,0.9851562,0.09765625,0.9046875
10600,0.23281251,0.975,0.1078125,0.9039062
10610,0.21875001,0.975,0.09765625,0.9
10620,0.22890624,0.984375,0.08515625,0.90625
10630,0.20234375,0.98359376,0.09609375,0.9109375
10640,0.21718751,0.98125005,0.114843756,0.9054687
10650,0.22031252,0.9820312,0.09375001,0.9039063
10660,0.2578125,0.9890625,0.095312506,0.9164062
10670,0.18125,0.984375,0.06640625,0.90937495
10680,0.21562502,0.9742187,0.0625,0.90546876
10690,0.24531251,0.98828125,0.05703125,0.8921875
10700,0.22421876,0.97734374,0.084375,0.909375
10710,0.20625001,0.9867188,0.078125,0.9226562
10720,0.21093751,0.9859375,0.0828125,0.9
10730,0.25234374,0.98437494,0.07109375,0.87031245
10740,0.14140625,0.97734374,0.10859375,0.92265624
10750,0.22968748,0.9765625,0.103125,0.903125
10760,0.15156251,0.98125005,0.0921875,0.92109376
10770,0.20625001,0.98125,0.09140625,0.90781254
10780,0.2203125,0.9820312,0.10781251,0.9101562
10790,0.17109375,0.984375,0.095312506,0.9195312
10800,0.21953127,0.97734374,0.071875006,0.9242188
10810,0.1859375,0.98046875,0.109375,0.9117188
10820,0.21406248,0.9820313,0.0984375,0.921875
10830,0.196875,0.98046875,0.080468744,0.90234375
10840,0.19843748,0.984375,0.0734375,0.90703124
10850,0.1953125,0.98125005,0.081250004,0.91796875
10860,0.240625,0.98125005,0.09375,0.9210937
10870,0.20000002,0.9835938,0.078125,0.9210937
10880,0.1625,0.9820312,0.0828125,0.92890626
10890,0.32656252,0.9710937,0.090624996,0.8265625
10900,0.096875,0.97265625,0.122656256,0.9203125
10910,0.09921875,0.97968745,0.099218756,0.9187499
10920,0.116406254,0.975,0.11796875,0.9109375
10930,0.0921875,0.98125,0.0953125,0.9296875
10940,0.121875,0.98046875,0.120312504,0.9234375
10950,0.12343751,0.97265625,0.12578125,0.9242188
10960,0.14453125,0.97499996,0.087500006,0.93281245
10970,0.1578125,0.9765625,0.11171876,0.91015625
10980,0.18203124,0.97812504,0.0765625,0.92578125
10990,0.18671876,0.9875,0.0765625,0.92265624
11000,0.19140625,0.9718751,0.09375,0.9304688
11010,0.225,0.9898437,0.07109375,0.9046875
11020,0.20859376,0.9789063,0.06484375,0.9210937
11030,0.21796876,0.9867187,0.100781254,0.9140625
11040,0.18281251,0.984375,0.085156254,0.8960938
11050,0.23125002,0.9875,0.10234375,0.9171876
11060,0.20234376,0.9828125,0.079687506,0.93046874
11070,0.23359376,0.984375,0.0625,0.8882812
11080,0.21406251,0.9828125,0.096093744,0.9015625
11090,0.18046875,0.9828125,0.09140625,0.93046874
11100,0.20781249,0.98359376,0.096875,0.91875
11110,0.18437499,0.984375,0.096093744,0.92499995
11120,0.22265625,0.97812504,0.0796875,0.89453125
11130,0.21718751,0.9796875,0.10390625,0.92578125
11140,0.19375001,0.9867188,0.11015625,0.9085937
11150,0.20546876,0.9867188,0.0859375,0.90937495
11160,0.16875,0.9796875,0.085156254,0.9007813
11170,0.23749998,0.9789063,0.087500006,0.909375
11180,0.25546876,0.9820313,0.09375,0.8992188
11190,0.22109376,0.98359376,0.08828126,0.9179687
11200,0.20234375,0.9867187,0.08046876,0.8976562
11210,0.21171875,0.9789063,0.121875,0.9109375
11220,0.196875,0.98046875,0.11171875,0.9320312
11230,0.23984377,0.98046875,0.09296876,0.88984376
11240,0.23828125,0.9828125,0.08828125,0.8890625
11250,0.2078125,0.9914062,0.090625,0.9039062
11260,0.2203125,0.9851563,0.08203125,0.9226562
11270,0.253125,0.98828125,0.07734375,0.9085937
11280,0.23437501,0.9867188,0.0859375,0.9289062
11290,0.21249999,0.98515624,0.114843756,0.91484374
11300,0.20625001,0.984375,0.117968746,0.915625
11310,0.2390625,0.98828125,0.087500006,0.91484374
11320,0.2046875,0.98359376,0.096875,0.91484374
11330,0.2265625,0.98046875,0.07109375,0.90156245
11340,0.21562502,0.98359376,0.100781254,0.9234375
11350,0.18125,0.98125,0.09609376,0.9203125
11360,0.2078125,0.9875,0.06015625,0.9195312
11370,0.184375,0.984375,0.101562515,0.9164062
11380,0.22968751,0.97265625,0.09296875,0.89843744
11390,0.17734376,0.984375,0.083593756,0.92031246
11400,0.2828125,0.98359376,0.10078125,0.89453125
11410,0.16171876,0.9796875,0.08984375,0.9
11420,0.19765626,0.9890625,0.091406256,0.91015625
11430,0.17265624,0.978125,0.11640625,0.9
11440,0.24765626,0.9804688,0.071875,0.90312505
11450,0.21328124,0.984375,0.064062506,0.9242187
11460,0.21796875,0.98281246,0.099218756,0.91484374
11470,0.225,0.98828125,0.08828126,0.89531255
11480,0.215625,0.98046875,0.0609375,0.9234375
11490,0.2484375,0.98281246,0.0828125,0.890625
11500,0.18046874,0.98437506,0.10546875,0.9234375
11510,0.26875,0.9820312,0.090625,0.909375
11520,0.19609377,0.984375,0.10625,0.91718745
11530,0.22968751,0.978125,0.08437501,0.89687496
11540,0.2421875,0.984375,0.0765625,0.91484374
11550,0.22421876,0.98125005,0.07890625,0.90937495
11560,0.2140625,0.98046875,0.09375,0.903125
11570,0.184375,0.98515624,0.10078125,0.9203125
11580,0.22500001,0.98359376,0.07734375,0.8890625
11590,0.24453124,0.9820312,0.075,0.9195312
11600,0.19765626,0.9882813,0.09765625,0.92109376
11610,0.2109375,0.984375,0.090625,0.9234375
11620,0.20234376,0.98359376,0.1109375,0.9078125
11630,0.2,0.98515624,0.09375,0.9234375
11640,0.2390625,0.9796875,0.0796875,0.89374995
11650,0.1890625,0.9859375,0.103125,0.903125
11660,0.24296875,0.9796875,0.0828125,0.9148437
11670,0.20078124,0.9851563,0.087500006,0.9101562
11680,0.2125,0.9867188,0.096875004,0.928125
11690,0.23046874,0.98125,0.1171875,0.8875
11700,0.2078125,0.9789062,0.090624996,0.9078125
11710,0.28593752,0.984375,0.09140625,0.8773438
11720,0.17734376,0.984375,0.09140625,0.9187499
11730,0.22265625,0.97812504,0.1015625,0.90312505
11740,0.18515626,0.975,0.10000001,0.921875
11750,0.2484375,0.9867187,0.10625,0.91328126
11760,0.17265625,0.98749995,0.107031256,0.91249996
11770,0.2375,0.9796875,0.09296875,0.8929687
11780,0.14765625,0.98828125,0.12421875,0.9296875
11790,0.27578127,0.9820312,0.08046875,0.8898437
11800,0.16171876,0.98125005,0.0796875,0.9359375
11810,0.18984374,0.9789063,0.058593754,0.91484374
11820,0.17578125,0.98046875,0.061718754,0.909375
11830,0.2046875,0.98749995,0.09218751,0.91015625
11840,0.21328127,0.98125,0.09375,0.92187494
11850,0.20703125,0.98828125,0.07421875,0.90625006
11860,0.22890626,0.9828125,0.09765625,0.8921875
11870,0.19843751,0.98515624,0.09218751,0.9078125
11880,0.2,0.9828125,0.08359374,0.9109374
11890,0.22109376,0.9867188,0.06015625,0.8875
11900,0.22187501,0.9867187,0.06484375,0.915625
11910,0.21171877,0.98828125,0.06015625,0.9015625
11920,0.19062501,0.98828125,0.084375,0.91718745
11930,0.209375,0.98906255,0.06015625,0.9109375
11940,0.190625,0.9859375,0.0703125,0.9242187
11950,0.20937501,0.9859375,0.06328125,0.9
11960,0.3,0.9789063,0.08359374,0.8765625
11970,0.15703124,0.9867187,0.096875004,0.92812496
11980,0.21015626,0.9875,0.087500006,0.9203125
11990,0.23906252,0.9820313,0.08046875,0.8929687
12000,0.190625,0.9859375,0.096093744,0.9015625
12010,0.24609375,0.9867188,0.053125,0.8914063
12020,0.15156251,0.9804688,0.0734375,0.9164062
12030,0.23906252,0.98125005,0.0671875,0.8984375
12040,0.23359376,0.984375,0.08125,0.90625
12050,0.19062501,0.9820312,0.0828125,0.9273438
12060,0.27968752,0.98515624,0.08203125,0.8609375
12070,0.1328125,0.9789063,0.091406256,0.9320313
12080,0.22734375,0.9867188,0.09296875,0.9
12090,0.1484375,0.97421867,0.1296875,0.91875
12100,0.19765626,0.9820313,0.0953125,0.9210937
12110,0.2046875,0.984375,0.085156254,0.91875
12120,0.2109375,0.9875,0.07890625,0.9109375
12130,0.18281251,0.98437506,0.084374994,0.9007812
12140,0.23203126,0.9851563,0.0859375,0.92265624
12150,0.19609375,0.98515624,0.12890626,0.9125
12160,0.21015625,0.9890625,0.10781251,0.90156245
12170,0.20078126,0.99062496,0.10234375,0.9164062
12180,0.24609375,0.9851563,0.083593756,0.9070313
12190,0.24765626,0.9914062,0.085156254,0.90546876
12200,0.19296874,0.9898437,0.10859375,0.91796875
12210,0.2484375,0.9898437,0.08203125,0.90937495
12220,0.19375,0.98046875,0.090625,0.90625
12230,0.2203125,0.9890625,0.1,0.88984376
12240,0.215625,0.98046875,0.10078125,0.9085938
12250,0.17421876,0.9898438,0.0984375,0.9109375
12260,0.19140625,0.98125005,0.10781251,0.89375
12270,0.21015626,0.9859375,0.09296875,0.90625
12280,0.1921875,0.98906255,0.07265625,0.878125
12290,0.17421874,0.98906255,0.09453125,0.90937495
12300,0.21953125,0.98125005,0.09765625,0.90156245
12310,0.203125,0.9890625,0.0828125,0.928125
12320,0.21171875,0.9867187,0.079687506,0.9195312
12330,0.22500002,0.98828125,0.08046876,0.9039062
12340,0.22343749,0.98593754,0.0828125,0.9046875
12350,0.221875,0.98828125,0.077343754,0.91328126
12360,0.16328125,0.9875,0.06328125,0.915625
12370,0.21640626,0.98828125,0.075781256,0.92578125
12380,0.23671874,0.9867188,0.064062506,0.8874999
12390,0.2171875,0.97968745,0.07109375,0.89140624
12400,0.1875,0.9859375,0.08515625,0.9164063
12410,0.2046875,0.99140626,0.08046875,0.9109375
12420,0.16718751,0.984375,0.1,0.91875
12430,0.26171875,0.9898437,0.08984375,0.8976562
12440,0.15703125,0.9921875,0.104687504,0.915625
12450,0.22343752,0.9859375,0.1015625,0.91249996
12460,0.1640625,0.9875,0.095312506,0.9351562
12470,0.2203125,0.98749995,0.0953125,0.91328126
12480,0.1734375,0.9867188,0.0828125,0.91796875
12490,0.22578126,0.9851563,0.084375,0.9054687
12500,0.13671875,0.984375,0.08984375,0.9195313
12510,0.18984376,0.9859375,0.083593756,0.8921875
12520,0.17578126,0.9789063,0.11171875,0.91796875
12530,0.2375,0.9875001,0.10234375,0.896875
12540,0.17500001,0.9875,0.09921874,0.9203125
12550,0.184375,0.984375,0.0984375,0.88828117
12560,0.228125,0.9890625,0.08671875,0.8953125
12570,0.2265625,0.9898437,0.08203125,0.8859375
12580,0.15390626,0.9835937,0.0984375,0.9234374
12590,0.20468749,0.9875,0.12109375,0.9054687
12600,0.16328126,0.984375,0.1140625,0.92578125
12610,0.25078127,0.97734374,0.10859375,0.8328125
12620,0.13125,0.98046875,0.10234375,0.9195312
12630,0.1484375,0.98437506,0.0828125,0.921875
12640,0.1265625,0.9867187,0.118750006,0.909375
12650,0.21640626,0.98046875,0.08515625,0.9101562
12660,0.20390624,0.9835937,0.06640625,0.9125
12670,0.1609375,0.9828125,0.0703125,0.9195312
12680,0.2078125,0.9898437,0.104687504,0.9195313
12690,0.20156251,0.9835937,0.074999996,0.9031249
12700,0.18593751,0.98593754,0.08984375,0.9273437
12710,0.18671876,0.9898438,0.10390625,0.9234375
12720,0.17890626,0.9835937,0.10625,0.91406244
12730,0.2,0.984375,0.10546875,0.9117187
12740,0.16328125,0.9828125,0.1140625,0.9171875
12750,0.17265625,0.98359376,0.1015625,0.9
12760,0.20703125,0.9898437,0.08125,0.90234375
12770,0.14687501,0.97812504,0.10546875,0.9117187
12780,0.19921875,0.9867188,0.06796875,0.89140624
12790,0.2484375,0.9851563,0.075,0.8929687
12800,0.1828125,0.98046875,0.07734375,0.91015625
12810,0.25156248,0.9875,0.0984375,0.86796874
12820,0.15,0.97265625,0.099218756,0.9125
12830,0.2640625,0.9851563,0.072656244,0.81718755
12840,0.178125,0.9921875,0.07265625,0.91328126
12850,0.16875002,0.9859375,0.04921875,0.92109376
12860,0.15937501,0.9859375,0.0640625,0.9140625
12870,0.19843751,0.9859375,0.068749994,0.91015625
12880,0.19609375,0.98125,0.072656244,0.90703124
12890,0.19453125,0.98828125,0.09296875,0.91328126
12900,0.20781252,0.9890625,0.08671875,0.9046875
12910,0.16328126,0.9898437,0.10390625,0.91562504
12920,0.2296875,0.990625,0.083593756,0.9
12930,0.14843751,0.98359376,0.10234375,0.91406244
12940,0.2359375,0.9875,0.100781254,0.89453125
12950,0.15390626,0.9859375,0.09453125,0.9195313
12960,0.16875,0.9859375,0.06875001,0.9140625
12970,0.175,0.9898437,0.0890625,0.921875
12980,0.21953125,0.99062496,0.08125,0.90546876
12990,0.20078126,0.98906255,0.06484376,0.9195312
13000,0.19921875,0.98828125,0.096875004,0.9117187
13010,0.16953124,0.9851563,0.11015625,0.9085938
13020,0.259375,0.9914062,0.067968756,0.890625
13030,0.13046876,0.990625,0.0828125,0.9359375
13040,0.16875,0.9867188,0.06875,0.896875
13050,0.18046875,0.9828125,0.091406256,0.9289062
13060,0.196875,0.9898437,0.07265625,0.9039062
13070,0.134375,0.978125,0.0984375,0.9242187
13080,0.15234375,0.9914062,0.096875,0.921875
13090,0.21171875,0.9875001,0.0921875,0.91015625
13100,0.18906249,0.98359376,0.08515625,0.90156245
13110,0.15625,0.9859375,0.075,0.92890626
13120,0.128125,0.9789062,0.1046875,0.9101562
13130,0.19765624,0.9796875,0.128125,0.8929687
13140,0.2234375,0.98906255,0.11953125,0.8765624
13150,0.12109375,0.975,0.122656256,0.92578125
13160,0.1,0.9796875,0.11562501,0.9109374
13170,0.10234375,0.97812504,0.08671875,0.928125
13180,0.1,0.9820313,0.0859375,0.9195312
13190,0.09140625,0.9734375,0.12109375,0.9265625
13200,0.08828125,0.97656256,0.1328125,0.921875
13210,0.12109375,0.98125,0.112500004,0.9390625
13220,0.11484375,0.97968745,0.1171875,0.91796875
13230,0.13046876,0.9820312,0.09375,0.9109375
13240,0.1296875,0.9734375,0.07890625,0.9273437
13250,0.15390626,0.9757812,0.0859375,0.94375
13260,0.124218754,0.9851563,0.0671875,0.92968744
13270,0.13671875,0.9882812,0.08671875,0.9179687
13280,0.15234375,0.9835937,0.09140625,0.921875
13290,0.13203125,0.9828125,0.06640625,0.9390625
13300,0.18125,0.98593754,0.0796875,0.9273437
13310,0.21953125,0.9820312,0.0609375,0.9039062
13320,0.16171876,0.9851563,0.08046876,0.9109375
13330,0.18281251,0.990625,0.08125,0.91328126
13340,0.17734376,0.9882813,0.06875001,0.9289062
13350,0.18671875,0.98515624,0.078125,0.93281245
13360,0.17421876,0.9914063,0.104687504,0.90312505
13370,0.19609377,0.9875,0.07265625,0.92109376
13380,0.18671876,0.9914062,0.0859375,0.921875
13390,0.1921875,0.98749995,0.084375,0.921875
13400,0.1953125,0.99375,0.0859375,0.91484374
13410,0.24062501,0.9820312,0.08359375,0.8773437
13420,0.13671876,0.98125,0.110937506,0.9117188
13430,0.1453125,0.9898437,0.096093744,0.91796875
13440,0.20859376,0.9875,0.08125,0.9085937
13450,0.18125,0.98125005,0.0890625,0.91015625
13460,0.24921876,0.9898437,0.073437504,0.90937495
13470,0.1765625,0.9820313,0.115624994,0.928125
13480,0.175,0.9851563,0.084375,0.9164062
13490,0.15078124,0.9796875,0.110937506,0.92812496
13500,0.23750001,0.98828125,0.06328125,0.8859375
13510,0.15625,0.98359376,0.08828125,0.9265624
13520,0.17734374,0.98125005,0.1015625,0.92499995
13530,0.21796876,0.984375,0.091406256,0.90703124
13540,0.18124999,0.9875,0.07734375,0.9140625
13550,0.21640626,0.9875,0.076562494,0.91875
13560,0.1890625,0.9875,0.09765625,0.91875
13570,0.21796876,0.9898437,0.0890625,0.91875005
13580,0.16484375,0.9875,0.12109376,0.91562504
13590,0.19062501,0.9890625,0.1140625,0.9101562
13600,0.2265625,0.9875,0.092968754,0.90625
13610,0.1953125,0.9867187,0.09296875,0.9101562
13620,0.20937501,0.9859375,0.08125,0.9117187
13630,0.1859375,0.990625,0.092968754,0.9085938
13640,0.1734375,0.9867188,0.0984375,0.9320312
13650,0.20234375,0.9945312,0.0921875,0.92265624
13660,0.13984376,0.9851563,0.103125006,0.9140625
13670,0.11953126,0.98828125,0.1421875,0.91249996
13680,0.2125,0.9867188,0.095312506,0.9039062
13690,0.12109375,0.9773438,0.08515626,0.92031246
13700,0.18593751,0.9898437,0.095312506,0.8640625
13710,0.110156246,0.98046875,0.11796875,0.9164062
13720,0.11328125,0.98046875,0.10703125,0.92265624
13730,0.10546875,0.98125,0.079687506,0.915625
13740,0.1203125,0.9828125,0.099218756,0.921875
13750,0.09453125,0.9828125,0.0921875,0.9281249
13760,0.09609376,0.9742187,0.1171875,0.9375
13770,0.1171875,0.9773438,0.109375,0.9203125
13780,0.18828125,0.98046875,0.10078125,0.89375
13790,0.228125,0.98515624,0.09375,0.9109375
13800,0.1234375,0.984375,0.115624994,0.9179687
13810,0.1953125,0.98359376,0.09140625,0.90468746
13820,0.14921875,0.9789063,0.104687504,0.9343749
13830,0.22500001,0.9890625,0.08984375,0.92578125
13840,0.1796875,0.9898438,0.13359375,0.92499995
13850,0.228125,0.9945312,0.115625,0.890625
13860,0.19921875,0.98906255,0.13515624,0.90625
13870,0.18984374,0.9890625,0.08203125,0.9171875
13880,0.19843751,0.990625,0.11796875,0.90937495
13890,0.19218749,0.9867188,0.13125,0.9242187
13900,0.18828125,0.98828125,0.078125,0.91328126
13910,0.21015626,0.9828125,0.10625,0.9132812
13920,0.196875,0.9898437,0.15156251,0.9273437
13930,0.18906249,0.99062496,0.1328125,0.91718745
13940,0.16484375,0.9867188,0.078125,0.93593746
13950,0.2359375,0.9859375,0.103125,0.8953125
13960,0.18359376,0.9890624,0.10546876,0.92031246
13970,0.20234375,0.990625,0.08046875,0.91875
13980,0.15546875,0.9867188,0.10234375,0.9078125
13990,0.2265625,0.98906255,0.1078125,0.9078125
14000,0.1859375,0.99375,0.1359375,0.9
14010,0.21484375,0.9914062,0.10078125,0.88750005
14020,0.16093749,0.9859375,0.122656256,0.9226562
14030,0.18750001,0.990625,0.10625001,0.884375
14040,0.1734375,0.98437506,0.098437496,0.91015625
14050,0.18437502,0.99140626,0.107812494,0.89921874
14060,0.18515626,0.98828125,0.098437496,0.92031246
14070,0.18906249,0.990625,0.09375,0.9054687
14080,0.22421876,0.9859375,0.09843751,0.9093751
14090,0.1625,0.9867188,0.091406256,0.9125
14100,0.20859376,0.98828125,0.0953125,0.91484374
14110,0.20390624,0.9898437,0.084375,0.92578125
14120,0.2671875,0.98125005,0.124218754,0.8726562
14130,0.1296875,0.98125,0.114062496,0.93125
14140,0.11328125,0.9820313,0.0921875,0.9273437
14150,0.128125,0.9820313,0.10234375,0.93281245
14160,0.18828125,0.98906255,0.109375,0.9046875
14170,0.1328125,0.9835938,0.11015625,0.91562504
14180,0.15546876,0.984375,0.084375,0.88906246
14190,0.140625,0.98515624,0.08593751,0.9234375
14200,0.14531249,0.984375,0.0984375,0.9132812
14210,0.17343749,0.9890625,0.111718744,0.90625
14220,0.16171876,0.9898437,0.053906254,0.91796875
14230,0.18281251,0.98828125,0.10937501,0.9046875
14240,0.22734377,0.99218756,0.09375,0.8742187
14250,0.16484375,0.9851563,0.087500006,0.92578125
14260,0.2046875,0.9921875,0.075,0.8921875
14270,0.14609376,0.9875001,0.09921875,0.903125
14280,0.1671875,0.98828125,0.0953125,0.9
14290,0.17812501,0.98749995,0.09765625,0.9070313
14300,0.24296875,0.99296874,0.08515625,0.8601563
14310,0.184375,0.98828125,0.1171875,0.90703124
14320,0.178125,0.990625,0.11796875,0.90703124
14330,0.20390627,0.9875,0.1046875,0.9171875
14340,0.19921875,0.9890625,0.10390626,0.91015625
14350,0.16796875,0.98828125,0.08828125,0.91718745
14360,0.17734376,0.98906255,0.1015625,0.9320313
14370,0.17343749,0.9875,0.0828125,0.9195313
14380,0.1953125,0.990625,0.07421875,0.90937495
14390,0.18984374,0.990625,0.07734375,0.9132812
14400,0.19062501,0.99375,0.0828125,0.9234375
14410,0.18828125,0.98593754,0.091406256,0.8929688
14420,0.17500001,0.9851563,0.07421875,0.9125
14430,0.22734377,0.9867187,0.07734375,0.89140624
14440,0.16171876,0.99140626,0.10390626,0.9320312
14450,0.17421874,0.9921875,0.07421875,0.91718745
14460,0.19921876,0.98828125,0.099218756,0.8929687
14470,0.1484375,0.9867188,0.11171875,0.9265625
14480,0.14687501,0.9828125,0.10859375,0.9164062
14490,0.2109375,0.9851563,0.08046875,0.8835938
14500,0.1390625,0.9859375,0.100781254,0.90937495
14510,0.18437499,0.98125,0.0859375,0.92499995
14520,0.153125,0.9867188,0.078125,0.91015625
14530,0.18984374,0.9867188,0.075781256,0.9078125
14540,0.15625,0.9859375,0.08671875,0.9265625
14550,0.209375,0.990625,0.114062496,0.8960938
14560,0.1625,0.9867188,0.099218756,0.90703124
14570,0.1453125,0.97968745,0.07890625,0.93046874
14580,0.1734375,0.9890625,0.13671875,0.9046875
14590,0.26171875,0.9867187,0.109375,0.8257813
14600,0.14296876,0.98828125,0.12890625,0.9296875
14610,0.1796875,0.98828125,0.09453125,0.9164062
14620,0.175,0.9898438,0.08046876,0.92109376
14630,0.1546875,0.98359376,0.05703125,0.9117188
14640,0.2140625,0.99140626,0.075,0.9070312
14650,0.16953124,0.9898437,0.1,0.909375
14660,0.19062501,0.9867187,0.082812496,0.9085937
14670,0.17890625,0.9867188,0.09765625,0.88359374
14680,0.103125006,0.9796875,0.081250004,0.9265625
14690,0.123437494,0.98593754,0.08671875,0.9070312
14700,0.20312501,0.98828125,0.07812501,0.915625
14710,0.114062496,0.9820313,0.060937505,0.9226562
14720,0.12812501,0.98437506,0.04921875,0.92812496
14730,0.21484375,0.98749995,0.04375,0.8648437
14740,0.1578125,0.990625,0.0859375,0.91484374
14750,0.19921875,0.98828125,0.090625,0.865625
14760,0.084375,0.98125005,0.1265625,0.91875005
14770,0.10390625,0.9828125,0.108593754,0.9164063
14780,0.20859376,0.98906255,0.09921875,0.8734375
14790,0.13359377,0.9867188,0.103125006,0.93359375
14800,0.1109375,0.98359376,0.10781251,0.93046874
14810,0.20234376,0.98125,0.09296875,0.9078125
14820,0.12890625,0.9867188,0.09140625,0.9289062
14830,0.2,0.98749995,0.07421875,0.8898437
14840,0.13828126,0.9796875,0.0890625,0.92109376
14850,0.15703125,0.9867188,0.11640625,0.9195313
14860,0.21562502,0.9882813,0.08984375,0.8414062
14870,0.13125,0.9859375,0.071875,0.92578125
14880,0.12499999,0.98593754,0.07265625,0.9195312
14890,0.1625,0.9875,0.0796875,0.9109375
14900,0.128125,0.990625,0.091406256,0.91796875
14910,0.13828126,0.9875,0.08046875,0.9289062
14920,0.1578125,0.99218756,0.07734375,0.921875
14930,0.1765625,0.98828125,0.04375,0.91328126
14940,0.14921875,0.9875001,0.0671875,0.9195312
14950,0.16484375,0.9875,0.090625,0.92031246
14960,0.140625,0.99296874,0.079687506,0.915625
14970,0.19843751,0.9921875,0.08359375,0.86328125
14980,0.17265625,0.98515624,0.07265625,0.90546876
14990,0.209375,0.9914062,0.090624996,0.9085938
